711
813
873
875
879
880
882
886
905
913
914
917
931
935
944
960
963
968
971
974
983
987
989
997
1006
1007
1011
1013
1015
1017
1020
1024
1026
1028
1042
1044
1046
1052
1053
1068
1070
1073
1079
1113
1115
1116
1131
1169
1274
1280
1295
1298
1317
1342
1348
1355
1374
1393
1397
1406
1420
1443
1472
1521
1555
1562
1582
1588
1629
1652
268
270
271
274
275
276
277
288
296
298
299
311
421
432
435
436
439
453
455
411
412
424
426
447
448
451
521
522
706
707
459
461
463
479
485
487
496
501
508
511
517
518
520
526
528
530
535
537
544
546
548
552
554
568
569
584
590
594
631
688
702
704
705
706
707
708
710
712
716
718
725
726
727
757
770
775
776
777
778
781
787
792
794
801
804
810
813
815
823
827
830
836
844
845
850
851
855
891
892
710
1000
1004
1006
1020
1026
1044
1047
1051
1067
1072
1146
1156
1158
1160
1177
1179
1184
1205
1206
1207
1210
1220
1222
1230
1233
1238
1246
1254
1258
1259
1266
1268
1269
1327
375
397
403
408
416
417
418
433
661
563
591
647
658
661
663
664
666
670
671
676
680
684
686
691
696
716
727
764
766
774
775
776
793
813
821
822
830
929