273
274
1038
1047
1059
1063
1088
1116
1119
1134
1204
1210
1215
1240
1251
1256
1272
1278
1369
1405
1413
1426
1432
1535
1537
1601
1614
1626
1637
1658
1678
1704
1713
1716
1724
1738
1748
1788
1838
1719
1870
2127
2136
2155
2157
2162
2175
2201
2220
2224
2237
2267
2281
2282
2296
2312
2358
2366
2372
2428
2445
2450
2464
2469
2497
2498
2499
2514
2516
2548
2565
2570
2579
2583
2584
2602
2603
2604
2606
2614
2629
2662
2730
2750
2757
2758
2773
2870
2871
2889
2910
2925
2973
3020
3026
3034
3072
611
823
842
765
938
1215
1452
1453
1457
1479
1493
1497
1507
1511
1512
1551
1553
1561
1563
1576
1594
1619
1622
1623
1630
1664
1674
1677
1693
1715
1716
1726
1755
1768
1773
1787
1820
1852
1854
1859
1890
1931
1950
1952
1966
1968
1969
1974
1975
1977
1979
1984
2028
2034
2052
2057
2103
2104
2132
2159
2174
2192
2193
2255
2256
2312