841
847
870
875
877
878
917
988
1380
1384
1400
1524
1579
1582
1595
1636
635
639
646
655
660
661
676
773
780
1202
1210
1214
1216
1228
230
300
301
330
335
595
613
620
629
637
645
649
650
654
656
657
674
679
680
684
687
694
696
697
698
703
707
712
713
720
729
740
746
752
839
979
1058
1081
165
240
242
258
279
290
297
370
387
397
400
412
420
423
431
432
461
483
497
498
503
543
553
559
578
581
582
691
522
524
525
529
534
536
540
541
542
546
558
602
627
628
665
683
694
696
725
739
760
775
833
834
835
866
962
969
970
1133
1136
1150
1170
1198