3355
3358
3361
3370
3371
3374
3379
3381
3385
3393
3394
3396
3397
3398
3399
3401
3404
3405
3406
3407
3411
3414
3419
3422
3424
3430
3432
3435
3471
3472
3473
3476
3478
3480
3483
3485
3487
3490
3491
3503
3507
3524
3532
3546
3549
3552
3553
3555
3556
3560
3561
3563
3568
3569
3572
3575
3576
3582
3585
3586
3591
3595
3596
3598
3599
3603
3604
3608
3611
3616
3617
3621
3622
3626
3630
3640
3641
3642
3665
3666
3811
3887
3943
3958
3961
3975
3976
3982
3984
3985
4000
4001
4002
4013
4023
4025
4043
4051
4052
4053
4057
4072
4074
4078
4084
4086
4087
4088
4090
4091
4099
4101
4325
4331
4334
4335
4336
4362
4363
4364
4377
4379
4380
4382
4383
4391
4394
4396
4405
4406
4411
4419
4430
4432
4434
4435
4440
4442
4443
4451
4453
4468
4469
4480
4489
4491
4496
4497
4502
4503
4510
4517
4520
4521
4539
4545
4557
4558
4575
4577
4583
4589
4672
4694
4717
4719
4723
4732
4742
4749
4764
4766
4773
4795
4798
4864
4873
4879
4880
4881
4885
4893
4896
4898
4901
4902
4906
4912
4913
4916
4917
4918
4919
4920
4922
4923
4924
4926
4927
4928
4930
4940
4942
4948
4950
4951
4952
4953
4955
4956
4958
4964
4966
4971
4972
4978
4981
4986
4987
4988
4989
4990
4993
4995
4996
4997
4998
5004
5005
5006
5007
5008
5013
5014
5018
5019
5020
5023
5027
5034
5038
5039
5046
5047
5048
5052
5053
5058
5064
5065
5068
5070
5127
5131
5133
5139
5146
5149
5156
5161
5162
5164
5166
5169
5172
5174
5177
5184
5186
5191
5193
5200
5203
5205
5214
5218
5222
5224
5226
5242
5253
5254
5255
5261
5262
5265
5269
5273
5275
5280
5282
5286
5287
5295
5297
5298
5300
5301
5303
5313
5314
5318
5320
5324
5326
5327
5330
5331
5332
5337
5347
5351
5356
5362
5366
5371
5374
5381
5386
5387
5402
5417
5426
5430
5436
5450
5485
5492
5493
5497
5498
5503
5509
5510
5511
5514
5525
5558
5562
5566
5573
5599
5623
5650
5653
5655
5682
5705
5709
5716
5718
5720
5737
5740
5741
5768
5769
5798
5800
5814
5817
5823
5829
5832
5835
5845
5849
5850
5862
5865
5867
5870
5872
5873
5877
5878
5884
5920
5927
5941
5943
5952
5954
5967
5980
5986
6014
6030
6043
6070
6071
6080
6087
6118
6137
6178
6183
6191
6199
6204
6207
6209
6217
6222
6271
6272
6274
6277
6285
6291
6293
6298
6301
6303
6305
6306
6311
6312
6315
6323
6327
6328
6332
6337
6339
6341
6342
6350
6363
6371
6372
6395
6401
6433
6436
6437
6442
6446
6459
6465
6469
6476
6477
6478
6483
6514
6533
6541
6551
6552
6559
6566
6578
6581
6598
6600
6607
6636
6650
6651
6662
4294
4301
4309
4316
4333
4339
4340
4345
4371
4375
4382
4386
4427
4430
4431
4434
4447
4458
4466
4483
4564
4579
4587
4604
4608
4655
4656
4658
4659
4660
4684
4694
4704
4706
4708
4710
4714
4716
4717
4737
4738
4741
4743
4744
4745
4759
4760
4762
4768
4771
4774
4779
4783
4785
4789
4794
4798
4800
4805
4809
4810
4811
4812
4818
4820
4823
4830
4838
4840
4841
4845
4897
4958
4960
4964
4990
5008
5047
5060
5090
5106
5153
5155
5163
5168
5173
5206
5213
5219
5274
5397
5398
5412
5421
5422
5424
5434
5438
5442
5445
5454
5457
5459
5463
5466
5470
5475
5476
5477
5478
5483
5493
5499
5507
5509
5511
5512
5516
5517
5520
5523
5525
5577
5600
5604
5609
5612
5616
5621
5622
5626
5627
5628
5630
5633
5637
5639
5646
5648
5653
5655
5687
5693
5697
5698
5704
5708
5710
5713
5717
5721
5733
5737
5739
5740
5741
5742
5743
5747
5749
5750
5751
5752
5753
5754
5756
5759
5760
5765
5771
5772
5794
5797
5799
5802
5811
5812
5814
5833
5835
5837
5842
5878
5881
5882
5883
5893
5895
5896
5897
5901
5907
5908
5909
5932
6346
6360
6364
6368
6371
6373
6376
6385
6386
6388
6406
6407
6411
6413
6414
6415
6417
6418
6419
6421
6423
6424
6425
6426
6427
6428
6432
6433
6434
6435
6438
6440
6441
6444
6446
6447
6449
6450
6452
6454
6456
6457
6459
6464
6467
6468
6469
6472
6473
6474
6477
6478
6479
6480
6481
6482
6486
6487
6488
6490
6491
6495
6496
6497
6503
6506
6509
6511
6512
6513
6514
6516
6518
6520
6521
6523
6524
6525
6527
6529
6532
6533
6535
6536
6540
6552
6557
6566
6569
6571
6575
6578
6581
6598
6600
6610
6612
6621
6623
6624
6636
6648
6817
6844
6861
6869
6926
6935
7061
7164
7257
7355
7370
7393
7396
7411
7419
7465
7482
7510
7511
7512
7514
7518
7522
7527
7529
7530
7531
7532
7533
7543
7546
7551
7559
7579
7581
7583
7586
7588
7589
7598
7600
7611
7612
7614
7619
7624
7648
7658
7659
7668
7670
7680
7681
7690
7697
7698
7700
7705
7726
7727
7729
7733
7743
7754
7755
7756
7762
7770
7772
7774
7776
7857
7914
8020
8023
8025
8026
8027
8033
8036
8041
8042
8043
8044
8046
8047
8050
8051
8052
8053
8054
8058
8060
8063
8068
8070
8071
8072
8073
8074
8076
8077
8078
8079
8083
8084
8085
8086
8087
8088
8089
8090
8091
8105
8106
8132
8141
8145
8146
8147
8149
8154
8155
8156
8160
8161
8190
8196
8198
8201
8236
8237
8272
8273
8274
8275
8278
8279
8282
8284
8287
8288
8291
8292
8293
8294
8295
8296
8297
8298
8299
8301
8302
8303
8304
8307
8311
8316
8317
8319
8321
8324
8328
8329
8332
8334
8335
8336
8337
8338
8340
8341
8344
8345
8346
8350
8353
8357
8361
8382
8386
8387
8406
8417
8423
8433
8435
8444
8448
8452
8458
8463
8469
8470
8483
8495
8497
8504
8516
8520
8536
8542
8543
8547
8550
8564
8565
2936
2939
2941
2943
2959
2961
2963
2965
2976
2980
2988
2993
2998
3001
3003
3005
3012
3014
3019
3020
3026
3033
3041
3046
3052
3054
3061
3071
3080
3081
3082
3083
3084
3088
3094
3113
3125
3130
3145
3193
3198
3199
3200
3201
3204
3205
3206
3214
3223
3271
3276
3284
3289
3299
3302
3308
3315
3322
3325
3365
3366
3378
3398
3454
3459
3460
3548
3552
3555
3559
3564
3572
3580
3582
3583
3584
3586
3587
3590
3591
3594
3595
3596
3599
3601
3602
3608
3612
3621
3626
3635
3641
3643
3644
3653
3656
3658
3665
3667
3668
3669
3674
3675
3677
3682
3683
3688
3691
3697
3698
3699
3700
3704
3711
3714
3715
3718
3723
3749
3755
3846
3852
3854
3875
3880
3884
3897
3905
3907
3908
3934
3936
3942
3949
3957
3965
3983
4013
4019
4022
4029
4031
4032
4036
4038
4039
4042
4043
4045
4046
4050
4052
4055
4080
4090
4131
4133
4136
4137
4147
4156
4169
4174
4175
4177
4181
4183
4185
4188
4190
4191
4200
4208
4211
4214
4217
4219
4222
4233
4234
4239
4241
4242
4243
4263
4265
4266
4274
4275
4278
4280
4282
4284
4285
4289
4294
4295
4298
4300
4301
4303
4304
4315
4317
4319
4320
4323
4324
4328
4329
4330
4334
4335
4336
4338
4341
4342
4343
4347
4352
4357
4363
4364
4365
4367
4368
4370
4386
4408
4409
4410
4411
4423
4424
4426
4434
4435
4442
4504
4509
4527
4531
4536
4551
4560
4579
4580
4581
4582
4584
4585
4592
4597
4599
4600
4603
4614
4615
4674
4689
4738
4747
4750
4792
4794
4801
4816
4826
4834
4850
4870
4907
4911
4915
4926
4932
4944
4959
4962
4968
4979
4985
4986
4991
4995
4997
5009
5010
5024
5025
5026
5034
5036
5038
5041
5045
5049
5052
5053
5058
5059
5060
5064
5066
5068
5075
5078
5081
5118
5119
5148
5152
5180
5181
5185
5188
5189
5190
5197
5198
5199
5208
5209
5211
5212
5220
5224
5227
5295
5297
5302
5365
5384
5388
5395
5398
5399
5400
5402
5458
5467
5468
5476
5493
5496
5501
5506
5508
5511
5517
5524
5533
5542
5544
5557
5558
5559
5561
5590
5615
5659
5669
5685
5688
5689
5692
5693
5694
5695
5696
5697
5698
5700
5702
5708
5712
5713
5715
5716
5719
5721
5722
5724
5725
5726
5727
5728
5731
5733
5739
5740
5836
5838
5843
3916
3979
3984
3991
3992
3993
3994
3995
3996
3998
3999
4003
4005
4006
4007
4009
4010
4011
4012
4014
4015
4016
4019
4020
4021
4023
4024
4026
4028
4029
4032
4033
4034
4035
4037
4043
4046
4066
4102
4103
4107
4126
4133
4143
4146
4153
4155
4162
4165
4169
4178
4183
4199
4205
4279
4283
4294
4314
4398
4451
4469
4471
4479
4482
4488
4495
4499
4501
4505
4560
4561
4565
4583
4587
4589
4598
4600
4601
4609
4610
4613
4623
4632
4635
4672
4697
4802
4820
4823
4830
4848
4850
4858
4866
4869
4880
4883
4888
4897
4908
4911
4916
4934
4938
4940
4946
4951
4953
4956
4964
4975
4978
5013
5052
5088
5096
5104
5117
5155
5168
5169
5173
5175
5177
5178
5183
5186
5187
5190
5191
5192
5200
5204
5208
5221
5222
5290
5292
5303
5306
5309
5311
5317
5324
5327
5329
5331
5337
5346
5347
5372
5379
5382
5416
5419
5421
5430
5431
5433
5434
5441
5462
5470
5483
5486
5510
5511
5512
5513
5514
5515
5516
5517
5519
5521
5524
5525
5530
5534
5549
5551
5552
5554
5557
5558
5580
5596
5613
5624
5628
5642
5650
5655
5658
5659
5660
5662
5747
5784
5993
6013
6307
6318
6327
6337
6339
6358
6365
6366
6367
6372
6375
6378
6379
6381
6382
6384
6388
6390
6393
6394
6395
6398
6399
6400
6405
6407
6408
6411
6415
6416
6417
6418
6419
6420
6422
6443
6444
6445
6447
6450
6452
6455
6462
6468
6471
6502
6540
6542
6555
6564
6565
6566
6567
6568
6569
6570
6571
6574
6579
6580
6581
6584
6587
6589
6592
6594
6599
6602
6603
6604
6607
6609
6611
6638
6642
6649
6653
6664
6666
6667
6668
6673
6678
6679
6685
6690
6695
6696
6700
6707
6708
6709
6712
6713
6718
6721
6726
6728
6732
6733
6734
6738
6742
6839
6844
6849
6856
6861
6880
6892
6926
6945
6953
6967
7054
7064
7112
7123
7124
7125
7127
7133
7135
7141
7142
7146
7147
7151
7155
7166
7167
7176
7177
7178
7186
7191
7199
7204
7205
7210
7213
7216
7221
7224
7285
7309
7314
7316
7318
7328
7340
7456
7462
7467
7474
7476
7479
7486
7487
7492
7499
7500
7509
7511
7519
7525
7530
7531
7578
7581
7588
7592
7620
7655
7682
7704
7711
7717
7724
7725
7739
7785
3772
3773
3775
3777
3782
3783
3785
3789
3793
3794
3795
3798
3803
3805
3809
3810
3812
3813
3815
3820
3827
3829
3830
3834
3837
3838
3841
3844
3853
3854
3859
3860
3863
3864
3865
3867
3876
3886
3893
3896
3902
3913
3917
3931
3933
3935
3936
3937
3940
3944
3948
3963
3969
3977
3978
3979
3985
3986
3987
3992
3995
3996
4003
4006
4019
4026
4027
4028
4031
4034
4039
4044
4048
4054
4056
4061
4084
4090
4105
4106
4107
4109
4116
4125
4127
4140
4152
4161
4163
4166
4168
4169
4171
4175
4176
4177
4180
4182
4194
4197
4199
4209
4211
4217
4218
4220
4221
4225
4227
4228
4230
4233
4242
4247
4249
4250
4256
4265
4278
4279
4284
4285
4293
4298
4345
4371
4387
4416
4418
4419
4421
4422
4424
4427
4429
4431
4433
4438
4440
4442
4447
4453
4457
4460
4469
4471
4473
4474
4476
4486
4490
4492
4497
4500
4501
4506
4644
4647
4649
4661
4663
4665
4670
4671
4676
4684
4689
4690
4691
4692
4696
4700
4703
4705
4707
4708
4712
4714
4717
4719
4724
4725
4727
4731
4732
4748
4756
4775
4776
4790
4869
4876
4878
4884
4885
4892
4931
4941
4962
4970
4973
4981
4985
4993
4994
4995
5005
5007
5026
5034
5039
5048
5059
5061
5062
5068
5070
5073
5074
5122
5128
5130
5159
5161
5174
5179
5181
5184
5197
5201
5212
5213
5219
5233
5241
5243
5249
5251
5255
5258
5267
5274
5353
5362
5370
5384
5391
5394
5396
5403
5404
5405
5406
5408
5411
5412
5416
5417
5422
5425
5428
5433
5438
5447
5449
5470
5481
5487
5495
5499
5510
5512
5513
5515
5517
5521
5524
5530
5531
5533
5543
5558
5568
5569
5573
5576
5577
5578
5580
5583
5588
5589
5597
5601
5602
5609
5623
5625
5626
5629
5631
5632
5633
5636
5638
5645
5646
5647
5653
5655
5658
5677
5694
5696
5719
5721
5727
5728
5798
5820
5870
5881
5885
5887
5901
5907
5945
5956
5960
5962
5966
5969
5978
5982
5984
5986
5987
5988
5994
5998
6004
6006
6015
6055
6056
6072
6089
6099
6137
6196
6200
6203
6204
6235
6245
6299
6336
6364
6377
6382
6384
6385
6390
6391
6393
6395
6404
6407
6410
6411
6418
6424
6430
6431
6432
6433
6437
6440
6442
6443
6445
6447
6455
6457
6461
6464
6466
6471
6472
6473
6474
6475
6477
6478
6488
6489
6490
6492
6495
6497
6507
6514
6517
6519
6520
6521
6527
6529
6531
6532
6533
6534
6535
6537
6538
6539
6542
6543
6544
6547
6549
6554
6558
6563
6605
6612
6617
6631
6637
6642
6644
6669
6680
6681
6685
6688
6689
6708
6709
6717
6720
6721
6729
6730
6731
6740
6749
6750
6754
6755
6763
6765
6770
6771
6773
6775
6777
6782
6783
6786
6788
6800
6805
6806
6818
6819
6833
6865
6867
6874
6876
6880
6885
6895
6898
6899
6903
6905
6915
6944
7021
7090
7111
7118
7119
7122
7134
7146
7154
7155
7157
7162
7170
7176
7181
7182
7184
7189
7191
7197
7200
7201
7202
7207
7209
7210
7218
7222
7224
7231
7233
7236
7248
7257
7265
7272
7274
7275
7307
7308
7312
7317
7330
7335
7339
7351
7372
7386
7390
7391
7396
7401
7403
7404
7406
7442
7444
7445
7463
7464
7467
7468
7469
7470
7473
7474
7475
7477
7478
7481
7488
7489
7491
7493
7498
7500
7501
7519
7539
3569
3574
3592
3596
3597
3599
3768
3769
3770
3776
3777
3784
3826
3828
3829
3830
3852
3854
3856
3860
3862
3865
3866
3872
3877
3899
3902
3909
3912
3921
3924
3928
3930
3932
3971
3995
4050
4073
4075
4076
4077
4082
4083
4084
4085
4088
4090
4092
4093
4094
4095
4096
4100
4101
4103
4104
4105
4108
4113
4114
4119
4120
4125
4128
4129
4130
4133
4135
4137
4138
4139
4141
4146
4147
4149
4151
4153
4154
4156
4157
4286
4291
4300
4318
4343
4344
4345
4350
4352
4363
4377
4385
4397
4402
4405
4406
4410
4441
4469
4481
4487
4550
4666
4692
4693
4695
4698
4704
4709
4720
4723
4725
4727
4737
4746
4769
4824
4856
5100
5103
5106
5117
5121
5127
5131
5132
5189
5203
5206
5210
5211
5222
5231
5238
5240
5246
5268
5292
5308
5472
5473
5474
5478
5480
5483
5485
5486
5487
5490
5491
5497
5499
5511
5512
5519
5522
5525
5526
5534
5542
5556
5571
5583
5592
5597
5621
5688
5700
5703
5705
5722
5727
5750
5765
5783
5785
5815
5828
5835
5836
5837
5839
5841
5842
5846
5847
5851
5967
5988
6037
6041
6062
6064
6067
6071
6072
6073
6080
6085
6087
6090
6093
6095
6096
6097
6098
6099
6101
6102
6103
6104
6105
6106
6108
6109
6110
6111
6112
6113
6114
6115
6116
6119
6120
6125
6128
6129
6131
6132
6134
6135
6136
6138
6139
6140
6142
6143
6144
6145
6165
6167
6169
6197
6200
6226
6292
6376
6385
6460
6466
6479
6484
6487
6493
6574
6598
6623
6658
6671
6685
6722
6730
6732
6733
6745
6757
6770
6772
6783
6784
6787
6788
6789
6804
6805
6813
6818
6819
6822
6824
6829
6835
6840
6856
6925
6926
6927
6931
6954
6981
6982
6983
6985
6987
6988
6990
6992
6996
6997
6999
7000
7001
7002
7006
7008
7011
7012
7125
7129
2466
2494
2497
2502
2515
2525
2531
2539
2540
2545
2595
2599
2603
2604
2609
2632
2633
2635
2661
2674
2675
2680
2681
2682
2683
2688
2691
2694
2696
2697
2703
2711
2788
2790
2795
2803
2808
2813
2814
2817
2827
2829
2842
2843
2844
2857
2859
2869
2875
2876
2879
2890
2891
2892
2893
2897
2905
2913
2930
2932
2934
2936
2948
2958
2970
2971
2972
2973
2974
2975
2976
2978
2979
2980
2983
2985
2988
2989
2990
2993
2994
2995
2996
3003
3010
3011
3012
3017
3020
3022
3024
3026
3048
3057
3058
3062
3071
3075
3090
3094
3098
3100
3108
3109
3110
3112
3142
3149
3168
3175
3191
3204
3210
3216
3294
3305
3336
3361
3364
3368
3369
3372
3373
3374
3378
3386
3392
3397
3398
3400
3401
3402
3414
3422
3428
3430
3432
3435
3445
3452
3453
3454
3457
3461
3462
3463
3465
3466
3474
3475
3476
3479
3480
3484
3490
3497
3553
3749
3750
3752
3757
3758
3759
3760
3764
3766
3768
3774
3782
3795
3796
3800
3809
3813
3814
3821
3823
3825
3828
3834
3835
3838
3839
3845
3853
3878
3882
3888
3898
3899
3902
3914
3937
3943
3959
3961
3984
3985
3995
4006
4007
4021
4057
4067
4093
4107
4114
4121
4145
4150
4159
4162
4169
4171
4178
4181
4186
4187
4189
4196
4197
4198
4200
4203
4204
4206
4209
4211
4212
4213
4214
4217
4218
4252
4280
4291
4292
4299
4301
4309
4310
4316
4317
4318
4397
4405
4434
4436
4437
4438
4474
4479
4492
4499
4505
4550
4559
4573
4792
4804
4805
4806
4807
4811
4812
4813
4814
4817
4819
4821
4826
4830
4831
4832
4842
4846
4860
4864
4880
4890
3306
3309
3320
3333
3369
3371
3383
3398
3404
3407
3421
3423
3429
3435
3447
3458
3459
3461
3463
3466
3468
3472
3482
3484
3485
3492
3495
3496
3502
3509
3512
3513
3515
3521
3522
3540
3563
3564
3570
3574
3623
3624
3629
3632
3633
3639
3641
3642
3644
3645
3649
3650
3652
3654
3655
3676
3691
3732
3736
3737
3740
3742
3743
3745
3751
3764
3766
3767
3772
3798
3809
3812
3815
3824
3825
3828
3841
3848
3850
3851
3859
3862
3866
3872
3877
3885
3888
3901
3941
4089
4091
4106
4108
4110
4111
4116
4179
4180
4196
4198
4216
4269
4273
4320
4339
4369
4374
4414
4469
4530
4543
4571
4600
4633
4634
4657
4700
4701
4702
4704
4706
4719
4822
4874
4896
4911
4933
4937
5076
5082
5098
5104
5108
5111
5114
5115
5117
5126
5131
5134
5141
5142
5148
5155
5163
5166
5168
5170
5177
5178
5180
5182
5183
5184
5186
5205
5210
5224
5239
5246
5259
5269
5282
5286
5290
5294
5301
5313
5315
5317
5328
5330
5339
5346
5358
5375
5379
5382
5383
5385
5390
5396
5398
5422
5432
5435
5469
5482
5489
5502
5509
5527
5543
5554
5563
5567
5572
5583
5586
5591
5598
5609
5614
5619
5629
5631
5633
5636
5697
5698
5699
5700
5702
5703
5712
5719
5720
5721
5727
5734
5735
5736
5737
5741
5743
5744
5746
5763
5785
5793
5795
5796
5798
5800
5803
5804
5805
5807
5810
5813
5835
5856
5875
5876
5877
5879
5932
5943
5946
5947
6051
6059
6093
6099
6100
6135
6170
6172
6203
6225
6226
6231
6259
6291
6297
6301
6336
6342
6414
6420
6421
6433
6434
6457
6475
6498
6506
6510
6518
6523
6529
6535
6568
6583
6586
6588