14344
14349
14350
14353
14354
14355
14356
14358
14363
14366
14370
14381
14382
14386
14387
14391
14401
14402
14405
14408
14409
14414
14417
14418
14419
14425
14428
14430
14431
14434
14438
14441
14445
14447
14448
14449
14450
14452
14454
14455
14457
14459
14470
14471
14473
14476
14478
14481
14484
14485
14488
14489
14493
14494
14496
14497
14500
14502
14504
14508
14509
14512
14514
14515
14517
14522
14527
14528
14535
14536
14538
14542
14544
14545
14546
14549
14553
14554
14559
14560
14561
14562
14563
14565
14566
14567
14568
14571
14573
14574
14575
14579
14581
14585
14588
14592
14593
14601
14611
14612
14617
14618
14624
14638
14640
14641
14644
14647
14648
14649
14650
14651
14653
14663
14668
14671
14677
14679
14681
14682
14683
14685
14687
14688
14697
14700
14705
14706
14707
14709
14717
14727
14729
14736
14739
14741
14744
14748
14754
14756
14759
14762
14764
14770
14773
14777
14782
14784
14792
14800
14802
14803
14804
14806
14818
14820
14824
14827
14832
14833
14835
14838
14843
14846
14850
14852
14854
14859
14860
14864
14871
14873
14875
14877
14878
14882
14883
14888
14897
14904
14909
14914
14917
14921
14923
14928
14941
14951
14952
14971
14973
14978
14983
14988
15004
15010
15015
15026
15033
15034
15035
15037
15042
15062
15070
15071
15076
15080
15086
15099
15106
15109
15112
15113
15117
15121
15122
15129
15131
15134
15140
15146
15148
15150
15156
15161
15162
15163
15174
15179
15196
15197
15205
15207
15208
15221
15234
15238
15278
15361
15365
15366
15380
15392
15393
15418
15419
15424
15433
15445
15451
15464
15487
15489
15507
15513
15515
15517
15521
15523
15525
15526
15529
15530
15532
15534
15542
15551
15554
15555
15556
15558
15561
15562
15566
15571
15573
15576
15581
15582
15584
15585
15586
15588
15591
15592
15595
15600
15601
15602
15607
15611
15612
15615
15616
15619
15620
15625
15636
15637
15643
15654
15656
15665
15670
15673
15678
15686
15694
15703
15706
15708
15711
15712
15715
15723
15728
15729
15730
15731
15733
15734
15738
15743
15744
15760
15764
15767
15777
15778
15780
15782
15786
15793
15801
15805
15812
15814
15819
15825
15838
15855
15856
15858
15868
15869
15870
15874
15876
15877
15879
15882
15883
15884
15895
15899
15907
15911
15912
15917
15930
15933
15934
15940
15946
15951
15966
15967
15971
15972
15979
15986
15992
16005
16021
16030
16048
16049
16050
16053
16054
16057
16073
16078
16105
16110
16119
16124
16136
16140
16141
16151
16157
16166
16170
16171
16185
16189
16193
16214
16221
16222
16223
16227
16231
16236
16238
16260
16266
16271
16274
16277
16286
16287
16293
16298
16301
16302
16306
16318
16319
16321
16325
16326
16328
16338
16348
16352
16355
16356
16365
16366
16368
16370
16373
16379
16399
16404
16405
16408
16422
16433
16447
16455
16457
16467
16468
16493
16497
16502
16518
16521
16522
16526
16527
16529
16530
16533
16534
16535
16538
16546
16547
16549
16551
16552
16554
16559
16560
16562
16570
16571
16572
16573
16575
16576
16589
16590
16591
16600
16602
16605
16608
16609
16610
16618
16619
16620
16621
16623
16626
16627
16628
16635
16641
16645
16653
16656
16659
16660
16663
16664
16667
16669
16671
16673
16674
16683
16687
16688
16693
16695
16697
16698
16702
16703
16704
16707
16708
16709
16731
16735
16737
16739
16740
16751
16756
16758
16759
16763
16765
16770
16781
16782
16783
16792
16798
16799
16800
16806
16810
16811
16815
16816
16819
16824
16828
16836
16839
16840
16841
16846
16847
16848
16855
16856
16857
16858
16859
16860
16863
16867
16871
16873
16880
16884
16887
16888
16896
16897
16898
16899
16901
16907
16909
16912
16915
16918
16920
16921
16922
16927
16928
16932
16936
16942
16947
16950
16952
16957
16971
16978
16980
16983
16984
16985
16987
16989
16990
16991
16992
16993
16994
16995
16996
17004
17014
17020
17024
17026
17027
17036
17038
17046
17050
17054
17073
17076
17088
17090
17099
17104
17109
17110
17111
17116
17117
17120
17123
17125
17127
17128
17140
17142
17143
17146
17153
17158
17163
17164
17172
17175
17176
17182
17192
17193
17198
17199
17203
17204
17212
17215
17216
17220
17222
17226
17227
17231
17234
17235
17236
17237
17239
17240
17246
17249
17253
17255
17259
17260
17263
17264
17268
17279
17282
17283
17284
17286
17289
17294
17298
17299
17300
17302
17304
17307
17308
17309
17311
17312
17316
17317
17321
17328
17330
17337
17339
17345
17347
17348
17349
17350
17367
17383
17384
17387
17388
17392
17393
17394
17396
17401
17403
17411
17416
17424
17425
17428
17430
17431
17445
17451
17453
17462
17468
17469
17470
17472
17473
17475
17484
17489
17490
17491
17492
17494
17497
17498
17503
17506
17507
17513
17516
17522
17527
17534
17535
17538
17552
17555
17556
17557
17562
17569
17579
17587
17588
17592
17594
17597
17601
17602
17605
17608
17609
17611
17612
17615
17616
17625
17627
17635
17646
17647
17649
17650
17657
17669
17693
17697
17698
17699
17700
17705
17707
17711
17713
17716
17717
17718
17719
17726
17729
17736
17739
17742
17749
17758
17760
17769
17774
17775
17782
17797
17802
17803
17804
17810
17813
17816
17823
17824
17825
17832
17835
17839
17842
17846
17847
17848
17850
17852
17855
17856
17862
17864
17865
17874
17875
17876
17879
17886
17891
17900
17902
17911
17916
17922
17942
17944
17945
17947
17948
17956
17958
17976
17981
17982
17984
17985
17986
17994
17999
18009
18010
18011
18012
18022
18027
18028
18053
18061
18086
18112
18116
18127
18133
18149
18157
18164
18165
18196
18201
18203
18219
18233
18240
18243
18253
18255
18259
18260
18261
18266
18269
18270
18272
18274
18275
18283
18290
18291
18295
18296
18300
18310
18317
18323
18324
18325
18378
18381
18383
18386
18392
18393
18395
18397
18401
18402
18413
18414
18415
18418
18419
18421
18422
18424
18425
18430
18437
18441
18443
18446
18456
18461
18464
18465
18469
18472
18481
18483
18486
18491
18492
18495
18499
18503
18509
18510
18512
18513
18514
18520
18521
18526
18527
18529
18532
18534
18540
18548
18549
18558
18564
18572
18576
18579
18591
18605
18624
18627
18641
18644
18645
18651
18652
18653
18654
18658
18661
18662
18663
18664
18665
18668
18672
18673
18681
18695
18696
18699
18701
18705
18706
18711
18714
18727
18735
18743
18745
18746
18753
18757
18759
18760
18764
18781
18805
18808
18812
18816
18821
18827
18832
18842
18844
18853
18860
18861
18862
18863
18871
18876
18882
18886
18888
18895
18896
18900
18913
18914
18921
18930
18938
18959
18961
18968
18975
18979
18990
18996
19005
19007
19021
19030
19033
19068
19083
19085
19102
19106
19121
19138
19140
19145
19147
19169
19171
19174
19186
19187
19188
19190
19193
19197
19203
19204
19207
19211
19212
19218
19219
19223
19227
19234
19235
19239
19250
19251
19257
19261
19262
19268
19269
19270
19271
19282
19288
19294
19297
19304
19312
19314
19315
19316
19317
19329
19334
19341
19342
19344
19346
19349
19353
19358
19361
19372
19373
19374
19384
19387
19391
19393
19403
19405
19410
19418
19426
19430
19436
19438
19440
19441
19443
19444
19445
19460
19461
19465
19469
19473
19477
19484
19490
19492
19495
19499
19508
19515
19517
19519
19524
19528
19542
19546
19551
19555
19562
19566
19569
19575
19579
19587
19592
19593
19601
19605
19611
19612
19634
19670
19671
19673
19675
19677
19678
19684
19691
19700
19703
19707
19711
19732
19733
19734
19735
19738
19740
19750
19755
19756
19759
19774
19782
19785
19791
19793
19794
19796
19800
19802
19803
19809
19810
19814
19815
19816
19817
19818
19821
19825
19827
19835
19836
19839
19840
19847
19849
19850
19851
19855
19859
19861
19863
19869
19880
19892
19898
19899
19929
19933
19941
19961
19962
19967
19980
19990
20010
20021
20024
20053
20068
20069
20070
20074
20079
20086
20103
20104
20109
20110
20112
20122
20126
20132
20133
20135
20138
20141
20147
20151
20154
20156
20157
20171
20178
20187
20197
20198
20205
20235
20245
20248
20251
20255
20259
20262
20267
20275
20277
20295
20297
20299
20302
20309
20317
20324
20337
20338
20342
20348
20349
20353
20367
20374
20377
20378
20382
20385
20386
20389
20390
20391
20397
20404
20410
20425
20438
20443
20451
20467
20474
20479
20484
20501
20502
20511
20518
20523
20524
20532
20546
20558
20574
20607
20612
20622
20635
20639
20641
20642
20660
20663
20669
20670
20671
20672
20675
20677
20687
20704
20706
20715
20744
20745
20784
20785
20786
20792
20795
20805
20819
20844
20865
20878
20901
20918
20937
20943
20944
20954
20977
20980
21010
21050
21063
21064
21081
21094
21100
21112
21113
21114
21132
21146
21150
21161
21191
21206
21212
21217
21220
21224
21234
21245
21250
21254
21261
21283
21285
21286
21301
21312
21317
21323
21336
21362
21363
21374
21408
21416
21417
21420
21423
21428
21443
21447
21449
21456
21464
21474
21475
21478
21479
21483
21494
21540
21543
21556
21562
21571
21583
21596
21613
21633
21664
21669
21676
21684
21695
21701
21705
21714
21715
21723
21727
21729
21736
21740
21751
21752
21754
21769
21775
21779
21796
21797
21806
21812
21817
21818
21825
21832
21842
21846
21847
21849
21863
21865
21867
21871
21879
21880
21883
21889
21891
21894
21902
21912
21913
21917
21934
21935
21937
21940
21943
21948
21950
21961
21964
21969
21978
21981
21995
21997
21999
22001
22004
22012
22013
22017
22023
22026
22028
22032
22038
22039
22044
22045
22046
22049
22053
22056
22064
22066
22067
22068
22069
22070
22071
22074
22076
22078
22081
22084
22090
22095
22105
22119
22121
22122
22127
22133
22134
22137
22141
22142
22161
22162
22163
22169
22174
22176
22180
22187
22205
22209
22211
22216
22218
22221
22228
22229
22231
22238
22240
22244
22246
22247
22248
22253
22269
22274
22282
22288
22290
22291
22292
22293
22308
22309
22311
22316
22323
22325
22327
22337
22339
22341
22344
22346
22354
22357
22361
22362
22368
22370
22372
22376
22398
22407
22414
22427
22441
22447
22451
22462
22469
22478
22490
22497
22509
22513
22515
22516
22545
22551
22552
22553
22554
22556
22557
22559
22563
22569
22582
22596
22598
22599
22610
22615
22624
22637
22638
22659
22662
22664
22668
22677
22680
22689
22715
22725
22732
22746
22760
22773
22775
22781
22782
22788
22789
22790
22793
22794
22800
22807
22808
22809
22835
22838
22842
22843
22854
22855
22857
22860
22865
22866
22872
22884
22892
22902
22904
22910
22911
22916
22927
22940
22944
22951
22952
22959
22963
22969
22971
22980
22983
22984
22985
22987
22995
22998
23013
23017
23045
23046
23050
23054
23056
23058
23067
23071
23076
23078
23079
23081
23083
23092
23093
23095
23097
23100
23117
23120
23127
23130
23138
23150
23153
23163
23168
23169
23176
23182
23188
23192
23196
23198
23200
23221
23222
23232
23235
23240
23241
23255
23258
23260
23263
23264
23271
23279
23281
23285
23287
23292
23299
23303
23304
23310
23320
23321
23330
23333
23334
23346
23348
23352
23363
23364
23377
23383
23389
23395
23396
23398
23408
23420
23435
23439
23440
23449
23470
23480
23481
23483
23485
23490
23491
23492
23496
23498
23515
23520
23521
23522
23526
23530
23538
23552
23559
23562
23574
23580
23586
23588
23594
23595
23596
23605
23606
23607
23608
23610
23611
23612
23615
23623
23661
23662
23673
23674
23676
23695
23701
23707
23716
23719
23734
23737
23745
23746
23751
23753
23754
23756
23758
23768
23769
23771
23780
23782
23789
23795
23807
23827
23835
23839
23841
23843
23846
23864
23865
23866
23868
23878
23894
23895
23898
23900
23902
23903
23904
23905
23907
23914
23922
23927
23933
23944
23949
23953
23959
23960
23961
23964
23969
23970
23972
23980
23981
23982
23993
23998
23999
24000
24008
24009
24018
24019
24022
24027
24029
24031
24032
24034
24035
24038
24045
24047
24049
24054
24055
24065
24068
24076
24078
24080
24087
24090
24094
24102
24110
24114
24134
24135
24142
24144
24153
24155
24158
24159
24163
24170
24175
24177
24186
24201
24202
24220
24223
24224
24225
24233
24239
24240
24248
24265
24270
24274
24279
24280
24285
24295
24298
24305
24306
24307
24308
24311
24315
24319
24320
24322
24323
24324
24326
24330
24340
24345
24351
24382
24385
24394
24395
24399
24403
24406
24423
24424
24425
24431
24435
24438
24443
24446
24451
24456
24457
24463
24466
24470
24471
24472
24474
24477
24485
24489
24501
24502
24506
24511
24523
24526
24533
24541
24544
24545
24550
24552
24553
24555
24556
24564
24566
24571
24575
24580
24585
24599
24600
24601
24614
24617
24620
24627
24632
24633
24636
24639
24640
24646
24652
24655
24662
24667
24673
24678
24687
24690
24693
24697
24699
24717
24719
24728
24730
24731
24732
24733
24741
24748
24754
24756
24758
24767
24772
24777
24778
24789
24790
24793
24794
24795
24803
24818
24820
24823
24827
24828
24833
24844
24847
24851
24858
24859
24862
24875
24885
24887
24888
24903
24916
24923
24925
24932
24933
24937
24952
24953
24959
24962
24965
24972
24974
24976
24977
24979
24981
24985
24992
24999
25003
25004
25005
25012
25015
25034
25043
25044
25053
25063
25073
25079
25088
25098
25100
25103
25105
25108
25111
25114
25118
25122
25127
25129
25135
25136
25137
25138
25140
25150
25155
25156
25159
25160
25161
25176
25181
25183
25185
25186
25189
25194
25206
25211
25217
25220
25221
25229
25232
25237
25247
25248
25250
25253
25255
25262
25263
25272
25274
25275
25276
25278
25285
25288
25297
25302
25305
25310
25312
25313
25315
25317
25326
25330
25331
25333
25334
25342
25343
25346
25351
25353
25355
25360
25366
25369
25370
25371
25373
25397
25403
25415
25418
25419
25421
25422
25423
25425
25428
25429
25436
25437
25441
25450
25452
25460
25465
25467
25468
25472
25481
25482
25487
25488
25490
25495
25499
25501
25503
25506
25507
25509
25511
25512
25519
25530
25531
25532
25536
25537
25538
25540
25545
25554
25561
25567
25568
25569
25570
25572
25574
25578
25580
25583
25585
25587
25588
25590
25591
25592
25593
25606
25608
25609
25612
25626
25629
25632
25635
25636
25637
25640
25649
25650
25651
25672
25673
25676
25678
25681
25696
25699
25707
25713
25716
25718
25727
25730
25731
25732
25735
25738
25739
25741
25743
25755
25756
25764
25770
25773
25785
25788
25797
25798
25807
25809
25810
25812
25821
25827
25828
25836
25837
25838
25841
25845
25862
25863
25866
25872
25874
25884
25892
25894
25896
25904
25919
25932
25934
25935
25937
25948
25949
25951
25953
25959
25964
25974
25975
25981
25982
25989
25991
26001
26003
26011
26022
26024
26039
26047
26048
26053
26057
26060
26062
26063
26064
26068
26069
26074
26078
26086
26092
26093
26094
26122
26126
26127
26128
26131
26132
26134
26136
26140
26141
26148
26150
26154
26155
26158
26161
26169
26193
26194
26201
26202
26204
26205
26212
26221
26224
26230
26237
26243
26247
26251
26253
26264
26266
26270
26273
26277
26280
26285
26289
26291
26292
26293
26302
26317
26318
26322
26325
26326
26327
26334
26335
26336
26338
26345
26347
26348
26352
26362
26363
26365
26377
26387
26395
26400
26410
26416
26417
26422
26426
26428
26449
26455
26461
26466
26467
26468
26469
26472
26474
26476
26478
26479
26482
26485
26486
26489
26491
26496
26497
26503
26505
26506
26508
26512
26513
26520
26536
26539
26540
26547
26548
26563
26565
26568
26574
26576
26577
26578
26587
26595
26604
26608
26610
26616
26622
26636
26637
26643
26644
26647
26648
26650
26651
26652
26669
26670
26671
26672
26675
26683
26685
26693
26696
26700
26709
26712
26717
26719
26720
26724
26725
26726
26727
26729
26742
26749
26753
26757
26763
26765
26767
26770
26771
26776
26782
26786
26787
26789
26791
26794
26799
26802
26816
26818
26822
26824
26828
26837
26841
26846
26847
26849
26857
26862
26866
26867
26874
26875
26877
26879
26881
26882
26883
26888
26892
26894
26897
26901
26910
26912
26917
26924
26929
26932
26935
26947
26952
26957
26958
26969
26980
26981
26982
26984
26988
26990
26995
26996
26997
26998
27002
27005
27006
27007
27010
27013
27020
27026
27028
27033
27045
27055
27065
27070
27073
27076
27079
27089
27096
27097
27100
27101
27102
27116
27145
27164
27168
27173
27180
27185
27186
27192
27199
27202
27203
27205
27211
27212
27213
27220
27221
27225
27229
27233
27235
27237
27238
27239
27243
27249
27259
27260
27276
27281
27287
27291
27294
27299
27300
27301
27308
27310
27317
27319
27327
27328
27329
27331
27332
27334
27336
27337
27342
27349
27355
27361
27365
27374
27375
27376
27377
27385
27391
27392
27394
27399
27405
27406
27407
27412
27417
27419
27423
27424
27425
27426
27434
27435
27436
27437
27439
27440
27451
27452
27456
27465
27473
27478
27481
27494
27511
27513
27515
27519
27524
27528
27537
27543
27546
27549
27553
27555
27556
27558
27561
27562
27563
27579
27580
27589
27615
27626
27633
27635
27637
27641
27643
27657
27665
27668
27686
27697
27699
27710
27725
27743
27745
27747
27763
27765
27767
27773
27786
27787
27788
27792
27793
27794
27795
27805
27809
27810
27811
27816
27817
27818
27825
27826
27827
27833
27834
27837
27838
27845
27846
27849
27850
27855
27858
27863
27866
27867
27868
27869
27871
27876
27878
27880
27881
27882
27885
27886
27888
27896
27901
27908
27909
27917
27919
27920
27924
27925
27926
27934
27941
27943
27945
27949
27952
27955
27963
27965
27967
27971
27974
27978
27982
27992
27994
27997
27998
28001
28004
28005
28011
28016
28021
28024
28025
28026
28029
28031
28032
28033
28034
28037
28038
28044
28049
28054
28056
28063
28067
28078
28079
28080
28081
28091
28094
28095
28097
28098
28120
28123
28131
28133
28135
28136
28140
28146
28147
28152
28154
28162
28164
28165
28168
28169
28170
28171
28174
28181
28187
28188
28194
28202
28206
28207
28214
28219
28227
28230
28231
28234
28237
28240
28241
28250
28253
28256
28257
28259
28260
28261
28263
28267
28268
28273
28280
28283
28285
28287
28290
28296
28308
28309
28313
28314
28320
28322
28323
28331
28335
28341
28342
28343
28347
28356
28361
28373
28377
28378
28382
28383
28384
28385
28386
28391
28392
28394
28414
28428
28438
28448
28452
28456
28457
28463
28468
28477
28478
28491
28496
28497
28499
28501
28521
28531
28548
28555
28558
28562
28566
28568
28569
28574
28582
28601
28603
28604
28606
28615
28616
28620
28624
28633
28638
28640
28649
28657
28665
28666
28670
28675
12403
12425
12435
12442
12446
12469
12508
12544
12556
12576
12581
12586
12590
12592
12600
12603
12615
12624
12626
12627
12629
12635
12640
12643
12649
12652
12654
12657
12659
12662
12663
12665
12668
12671
12674
12679
12686
12689
12697
12706
12707
12718
12723
12726
12729
12730
12731
12733
12758
12772
12788
12789
12803
12826
12856
12876
12882
12909
12911
12927
12938
13013
13021
13031
13033
13035
13052
13053
13075
13083
13109
13117
13118
13153
13197
13212
13248
13253
13255
13263
13278
13322
13323
13324
13339
13349
13351
13385
13408
13409
13429
13446
13454
13468
13477
13507
13546
13547
13585
13597
13598
13601
13609
13615
13652
13674
13676
13688
13695
13711
13742
13759
13767
13770
13778
13781
13786
13802
13813
13841
13846
13853
13866
13872
13873
13874
13880
13881
13908
13909
13917
13928
13938
13956
13972
13988
14043
14067
14072
14121
14191
14208
14214
14215
14217
14218
14221
14227
14235
14239
14246
14249
14255
14256
14257
14263
14264
14273
14286
14289
14290
14291
14297
14304
14305
14313
14315
14318
14321
14328
14329
14335
14348
14349
14352
14356
14364
14367
14378
14380
14381
14383
14384
14393
14394
14395
14397
14398
14400
14402
14403
14404
14418
14420
14421
14422
14431
14440
14446
14448
14455
14459
14464
14472
14474
14482
14493
14499
14511
14519
14541
14548
14550
14554
14555
14562
14568
14572
14610
14615
14617
14624
14625
14631
14635
14646
14651
14652
14661
14665
14666
14682
14686
14688
14700
14706
14719
14722
14728
14729
14732
14743
14749
14770
14778
14779
14787
14797
14931
14932
14942
14950
14953
14958
14963
14966
14987
14988
15005
15015
15020
15031
15037
15043
15045
15046
15049
15055
15057
15061
15066
15078
15093
15095
15102
15103
15104
15113
15114
15136
15146
15147
15148
15156
15157
15159
15161
15170
15173
15176
15181
15188
15191
15195
15205
15222
15223
15224
15233
15235
15238
15239
15245
15250
15252
15263
15270
15275
15276
15278
15280
15281
15296
15299
15301
15302
15303
15310
15315
15325
15337
15344
15368
15370
15374
15380
15385
15386
15387
15390
15395
15398
15400
15412
15416
15417
15439
15440
15450
15453
15476
15485
15497
15512
15514
15518
15520
15522
15526
15528
15530
15539
15544
15548
15549
15554
15555
15556
15558
15560
15578
15583
15590
15593
15596
15604
15610
15619
15632
15636
15645
15646
15655
15659
15665
15669
15672
15673
15676
15682
15689
15691
15695
15699
15700
15701
15702
15712
15719
15720
15733
15747
15750
15751
15758
15762
15763
15764
15767
15778
15785
15790
15793
15803
15809
15811
15816
15817
15827
15833
15843
15855
15866
15867
15873
15888
15896
15913
15923
15927
15934
15943
15946
15949
15954
15956
15960
15968
15983
16002
16010
16017
16025
16026
16035
16042
16043
16049
16062
16079
16080
16082
16085
16091
16098
16129
16139
16140
16145
16156
16162
16163
16167
16169
16174
16183
16195
16196
16201
16205
16210
16212
16213
16219
16230
16231
16234
16247
16266
16276
16277
16279
16282
16293
16294
16296
16302
16305
16307
16308
16315
16318
16321
16322
16326
16331
16332
16334
16339
16344
16350
16351
16353
16354
16357
16358
16364
16365
16369
16376
16380
16394
16395
16397
16402
16406
16407
16415
16425
16429
16437
16438
16439
16446
16449
16451
16452
16470
16475
16481
16492
16496
16501
16502
16503
16513
16514
16515
16518
16526
16533
16534
16539
16541
16544
16547
16548
16564
16566
16570
16575
16583
16596
16599
16600
16611
16619
16622
16626
16631
16636
16639
16640
16656
16659
16662
16663
16670
16676
16685
16689
16712
16716
16718
16721
16731
16736
16739
16740
16741
16762
16765
16769
16794
16795
16805
16814
16815
16816
16838
16844
16846
16848
16851
16855
16862
16864
16872
16873
16885
16889
16890
16893
16894
16899
16908
16911
16921
16924
16925
16926
16929
16930
16932
16938
16942
16950
16951
16962
16969
16975
16979
16987
16990
16997
17006
17009
17010
17011
17013
17021
17025
17026
17045
17060
17065
17068
17070
17091
17101
17104
17105
17108
17111
17113
17136
17138
17139
17143
17151
17157
17158
17168
17183
17188
17191
17198
17199
17203
17205
17215
17217
17220
17223
17224
17239
17240
17241
17247
17250
17258
17264
17268
17275
17280
17282
17304
17305
17312
17314
17317
17318
17346
17355
17356
17374
17396
17442
17450
17479
17480
17498
17534
17544
17644
17646
17669
17671
17674
17675
17679
17680
17685
17686
17687
17698
17699
17703
17711
17713
17715
17723
17731
17738
17739
17753
17755
17757
17761
17764
17766
17767
17772
17773
17774
17776
17777
17778
17787
17788
17795
17797
17799
17800
17804
17805
17807
17808
17809
17812
17814
17815
17816
17820
17821
17823
17826
17827
17828
17830
17831
17835
17839
17840
17845
17846
17847
17849
17850
17851
17852
17853
17857
17858
17859
17860
17864
17870
17871
17876
17877
17878
17879
17889
17895
17896
17905
17907
17909
17912
17922
17925
17927
17931
17935
17948
17953
17955
17956
17963
17974
17976
17977
17982
17985
17986
17987
17992
17994
17997
17998
18001
18007
18011
18015
18016
18017
18019
18024
18025
18041
18042
18043
18044
18045
18047
18053
18061
18062
18065
18066
18071
18072
18073
18078
18079
18082
18084
18087
18090
18095
18096
18099
18100
18101
18102
18103
18108
18121
18131
18133
18139
18140
18141
18145
18152
18157
18162
18166
18172
18180
18188
18193
18196
18218
18221
18230
18232
18238
18243
18245
18246
18247
18252
18253
18255
18260
18264
18266
18270
18279
18285
18286
18291
18293
18294
18302
18309
18310
18311
18312
18319
18320
18321
18325
18331
18339
18343
18345
18352
18356
18361
18374
18383
18385
18387
18388
18389
18399
18409
18414
18419
18421
18422
18426
18432
18433
18438
18463
18474
18475
18482
18484
18485
18486
18489
18501
18503
18510
18518
18527
18528
18529
18534
18535
18537
18538
18543
18548
18554
18568
18569
18577
18589
18592
18594
18596
18598
18601
18614
18619
18620
18623
18624
18625
18626
18632
18635
18641
18647
18655
18666
18669
18672
18677
18682
18683
18694
18708
18709
18710
18719
18721
18722
18734
18737
18746
18748
18764
18765
18769
18772
18776
18781
18802
18803
18805
18806
18821
18822
18838
18843
18856
18860
18883
18886
18888
18899
18908
18913
18942
18945
18946
18954
18956
18975
18978
19003
19018
19023
19032
19034
19046
19048
19050
19058
19060
19065
19067
19075
19105
19115
19116
19119
19127
19134
19135
19141
19144
19145
19147
19150
19153
19167
19194
19195
19196
19204
19205
19210
19211
19219
19221
19223
19226
19233
19234
19235
19236
19241
19246
19259
19263
19266
19273
19277
19299
19300
19302
19306
19308
19311
19312
19314
19326
19328
19332
19336
19337
19340
19342
19345
19357
19364
19366
19378
19389
19397
19403
19404
19405
19406
19412
19414
19415
19418
19419
19431
19437
19446
19448
19449
19451
19452
19456
19462
19465
19470
19473
19479
19480
19495
19496
19503
19504
19508
19513
19514
19516
19517
19519
19525
19529
19530
19533
19539
19542
19549
19555
19561
19569
19572
19581
19585
19603
19606
19615
19616
19617
19619
19624
19625
19630
19634
19644
19655
19660
19666
19678
19689
19692
19698
19699
19705
19706
19711
19712
19717
19719
19720
19724
19726
19737
19743
19756
19758
19759
19761
19765
19775
19777
19779
19780
19787
19790
19793
19795
19800
19801
19803
19805
19807
19808
19809
19810
19819
19821
19824
19826
19830
19831
19837
19841
19842
19846
19850
19857
19860
19861
19870
19871
19879
19880
19883
19888
19891
19892
19893
19894
19900
19902
19908
19912
19916
19922
19924
19935
19954
19955
19956
19964
19971
19976
19980
19982
19983
19990
19992
19994
20021
20027
20032
20040
20044
20045
20058
20060
20064
20066
20068
20069
20073
20074
20080
20084
20087
20088
20093
20097
20115
20120
20123
20134
20156
20162
20178
20179
20187
20192
20193
20198
20199
20202
20210
20214
20227
20228
20244
20246
20251
20252
20253
20254
20275
20276
20280
20294
20296
20317
20320
20332
20333
20341
20351
20352
20353
20355
20361
20370
20374
20378
20382
20385
20397
20400
20401
20404
20413
20414
20415
20419
20422
20423
20433
20435
20443
20444
20447
20448
20456
20457
20480
20490
20497
20500
20504
20511
20527
20531
20538
20540
20546
20553
20557
20560
20563
20584
20586
20608
20616
20617
20622
20627
20628
20635
20657
20659
20666
20667
20695
20710
20717
20724
20725
20730
20731
20744
20761
20762
20765
20771
20794
20804
20808
20811
20815
20816
20821
20826
20827
20828
20832
20859
20861
20864
20873
20884
20888
20898
20899
20903
20908
20915
20921
20928
20936
20938
20939
20943
20946
20948
20952
20958
20973
20975
20977
20985
21000
21001
21003
21008
21009
21025
21028
21030
21033
21036
21037
21039
21053
21058
21059
21064
21068
21075
21077
21079
21085
21087
21088
21091
21095
21098
21103
21111
21119
21125
21126
21128
21136
21137
21158
21163
21165
21171
21175
21179
21185
21201
21202
21203
21205
21236
21251
21258
21282
21295
21297
21298
21310
21311
21319
21321
21343
21346
21349
21356
21359
21360
21371
21375
21381
21394
21396
21399
21421
21430
21432
21435
21438
21439
21441
21448
21452
21453
21459
21460
21464
21466
21470
21476
21477
21485
21488
21501
21509
21512
21516
21521
21531
21544
21552
21557
21561
21566
21567
21573
21575
21577
21582
21592
21593
21596
21597
21625
21631
21632
21650
21651
21654
21667
21683
21688
21695
21707
21713
21714
21725
21730
21732
21734
21735
21748
21752
21755
21775
21791
21827
21828
21846
21865
21871
21881
21882
21891
21893
21896
21899
21900
21901
21911
21921
21940
21947
21950
21951
21954
21956
21960
21968
21971
21988
21993
21997
21999
22008
22009
22010
22011
22012
22019
22022
22025
22027
22032
22047
22048
22052
22056
22063
22071
22080
22087
22088
22092
22096
22097
22098
22124
22128
22130
22150
22164
22183
22189
22192
22223
22232
22235
22236
22239
22256
22263
22265
22270
22274
22275
22299
22300
22303
22305
22321
22328
22332
22340
22342
22348
22359
22371
22374
22377
22378
22380
22389
22393
22404
22405
22406
22407
22420
22421
22422
22426
22431
22435
22436
22450
22451
22453
22458
22471
22484
22486
22487
22507
22519
22531
22541
22565
22572
22573
22579
22581
22582
22586
22587
22588
22595
22597
22599
22600
22603
22605
22607
22612
22613
22615
22643
22647
22648
22656
22660
22666
22677
22678
22681
22690
22691
22695
22699
22703
22706
22712
22713
22717
22727
22742
22744
22750
22755
22756
22758
22759
22779
22783
22785
22786
22790
22791
22792
22794
22795
22796
22799
22803
22807
22813
22814
22822
22827
22834
22835
22869
22875
22884
22887
22894
22896
22898
22907
22908
22909
22914
22918
22919
22920
22925
22926
22927
22928
22929
22938
22940
22943
22944
22953
22962
22963
22966
22967
22968
22969
22970
22972
22976
22980
22983
22984
22989
22990
22991
22993
22995
22996
22997
22998
22999
23003
23004
23005
23006
23010
23011
23012
23013
23015
23016
23017
23028
23030
23033
23042
23055
23064
23072
23077
23085
23089
23090
23130
23131
23155
23169
23176
23179
23192
23197
23198
23202
23203
23205
23206
23211
23212
23213
23215
23223
23226
23227
23228
23229
23231
23240
23243
23244
23245
23250
23253
23257
23265
23267
23271
23279
23284
23285
23291
23294
23296
23312
23314
23328
23333
23334
23336
23349
23356
23357
23360
23366
23369
23370
23374
23376
23377
23378
23383
23384
23385
23386
23388
23392
23394
23396
23399
23402
23409
23415
23422
23427
23429
23431
23433
23434
23438
23451
23456
23460
23469
23470
23471
23474
23476
23478
23479
23482
23483
23489
23491
23494
23496
23497
23505
23508
23510
23511
23516
23543
23544
23547
23551
23562
23563
23564
23566
23568
23570
23575
23578
23585
23587
23589
23590
23593
23597
23598
23599
23601
23613
23617
23620
23623
23626
23628
23632
23641
23643
23653
23660
23661
23663
23668
23674
23690
23695
23725
23727
23730
23731
23733
23734
23740
23742
23744
23746
23751
23756
23758
23762
23764
23765
23768
23773
23775
23776
23777
23786
23787
23788
23790
23794
23797
23800
23804
23813
23815
23817
23822
23823
23828
23831
23835
23844
23847
23860
23864
23865
23866
23869
23874
23875
23882
23884
23890
23893
23901
23905
23915
23917
23925
23926
23935
23936
23938
23944
23946
23947
23954
23957
23961
23964
23965
23976
23979
23988
23990
23994
24003
24005
24009
24010
24016
24019
24021
24025
24053
24054
24059
24063
24071
24078
24079
24085
24091
24093
24097
24098
24099
24100
24105
24109
24111
24113
24120
24123
24125
24134
24136
24137
24138
24142
24143
24144
24146
24147
24153
24161
24165
24167
24173
24182
24183
24184
24200
24204
24209
24217
24229
24236
24239
24241
24242
24248
24259
24270
24277
24280
24289
24291
24292
24296
24298
24301
24302
24303
24304
24307
24308
24319
24337
24338
24341
24350
24351
24359
24362
24371
24380
24386
24392
24395
24396
24400
24403
24407
24416
24425
24430
24431
24433
24443
24444
24445
24446
24451
24457
24458
24460
24463
24470
24471
24472
24473
24484
24489
24490
24491
24503
24514
24517
24524
24527
24529
24530
24535
24536
24540
24545
24547
24559
24562
24566
24567
24569
24572
24583
24590
24594
24603
24608
24612
24630
24632
24640
24641
24645
24650
24653
24654
24672
24674
24676
24681
24691
24697
24699
24701
24702
24704
24705
24711
24714
24724
24726
24740
24748
24750
24753
24756
24763
14529
14534
14536
14539
14542
14543
14552
14553
14563
14564
14565
14567
14571
14574
14591
14611
14614
14615
14617
14619
14624
14627
14636
14643
14652
14659
14662
14668
14670
14671
14673
14679
14692
14700
14704
14706
14750
14770
14774
14775
14776
14777
14778
14781
14785
14786
14787
14789
14790
14801
14805
14807
14816
14817
14822
14824
14826
14827
14828
14831
14837
14841
14842
14848
14887
14903
14904
14913
14917
14922
14923
14942
14944
14952
14961
14962
14966
14968
14973
14975
14979
14981
14986
14989
14990
14997
15007
15013
15016
15037
15038
15043
15044
15045
15046
15057
15058
15072
15078
15084
15085
15089
15090
15091
15095
15100
15103
15104
15105
15106
15109
15115
15118
15122
15127
15129
15130
15142
15146
15150
15154
15158
15164
15165
15167
15177
15181
15183
15184
15226
15230
15241
15243
15247
15271
15277
15292
15301
15306
15314
15329
15334
15348
15350
15353
15354
15357
15359
15365
15367
15369
15370
15381
15389
15393
15396
15397
15399
15407
15416
15426
15428
15430
15435
15437
15443
15444
15448
15451
15457
15461
15481
15504
15518
15526
15527
15533
15534
15535
15544
15562
15568
15569
15577
15594
15599
15658
15664
15707
15709
15720
15722
15728
15746
15748
15755
15761
15762
15765
15775
15783
15789
15793
15794
15806
15822
15851
15876
15898
15900
15906
15908
15912
15932
15962
16023
16087
16134
16140
16142
16159
16180
16201
16236
16274
16282
16309
16332
16333
16353
16360
16361
16368
16375
16381
16390
16409
16414
16416
16426
16428
16437
16443
16445
16446
16456
16461
16467
16470
16473
16479
16482
16484
16486
16493
16502
16503
16512
16519
16527
16528
16530
16533
16534
16546
16547
16548
16553
16558
16559
16561
16565
16567
16568
16577
16579
16584
16587
16595
16596
16597
16598
16599
16610
16611
16612
16621
16623
16624
16628
16631
16633
16640
16644
16646
16651
16652
16661
16662
16664
16665
16670
16671
16675
16676
16679
16682
16683
16685
16686
16687
16689
16701
16704
16705
16706
16709
16711
16712
16714
16716
16729
16730
16731
16732
16765
16787
16792
16798
16811
16820
16847
16850
16874
16887
16891
16914
16947
16951
16956
16958
16959
16969
16975
16989
17017
17019
17023
17024
17025
17031
17034
17039
17047
17048
17051
17052
17063
17064
17065
17072
17073
17074
17075
17076
17082
17085
17090
17091
17094
17097
17099
17101
17102
17104
17108
17109
17110
17115
17117
17119
17124
17127
17130
17134
17136
17140
17141
17142
17148
17150
17151
17152
17155
17159
17162
17165
17168
17170
17171
17172
17175
17179
17265
17270
17274
17275
17279
17280
17281
17282
17285
17287
17292
17298
17300
17307
17309
17312
17318
17322
17324
17328
17331
17335
17336
17344
17346
17347
17349
17350
17351
17352
17360
17366
17367
17368
17373
17375
17376
17383
17386
17387
17396
17397
17398
17399
17400
17401
17402
17404
17408
17416
17417
17426
17427
17429
17435
17441
17442
17452
17456
17458
17461
17463
17470
17472
17473
17476
17480
17482
17485
17487
17490
17492
17495
17500
17508
17509
17521
17524
17528
17533
17534
17537
17538
17544
17551
17553
17554
17555
17556
17564
17565
17566
17581
17589
17590
17591
17592
17593
17595
17607
17610
17617
17624
17629
17635
17639
17641
17645
17647
17655
17660
17661
17663
17664
17665
17671
17682
17687
17698
17702
17706
17718
17721
17725
17727
17736
17739
17740
17745
17746
17755
17759
17767
17773
17774
17779
17782
17783
17784
17786
17787
17791
17795
17796
17802
17803
17804
17806
17809
17810
17815
17816
17818
17831
17839
17843
17845
17850
17851
17854
17856
17857
17858
17862
17866
17879
17889
17890
17893
17894
17901
17902
17904
17914
17915
17917
17922
17925
17930
17934
17937
17938
17943
17945
17948
17951
17952
17954
17956
17959
17965
17969
18008
18010
18012
18014
18017
18020
18022
18026
18028
18034
18035
18040
18044
18048
18049
18050
18052
18054
18056
18057
18059
18060
18062
18065
18066
18069
18070
18073
18074
18075
18080
18090
18095
18100
18110
18115
18121
18125
18138
18140
18141
18144
18148
18150
18152
18154
18155
18164
18166
18168
18170
18171
18175
18176
18192
18215
18216
18217
18221
18225
18227
18229
18230
18235
18236
18239
18241
18250
18257
18260
18262
18264
18267
18268
18270
18272
18286
18288
18289
18296
18298
18304
18307
18314
18315
18317
18320
18326
18330
18332
18335
18345
18347
18348
18352
18356
18359
18360
18372
18373
18376
18377
18378
18379
18390
18393
18396
18397
18398
18400
18401
18402
18403
18404
18410
18413
18418
18422
18429
18434
18436
18443
18444
18445
18448
18456
18457
18458
18461
18466
18467
18468
18480
18487
18509
18512
18530
18531
18532
18538
18546
18551
18570
18571
18575
18578
18584
18585
18586
18592
18606
18607
18608
18609
18616
18617
18624
18632
18635
18636
18637
18649
18651
18654
18672
18678
18679
18682
18686
18690
18692
18697
18699
18701
18707
18712
18713
18714
18716
18717
18744
18750
18753
18754
18758
18760
18761
18763
18764
18768
18771
18775
18780
18785
18788
18789
18792
18796
18797
18800
18802
18803
18812
18838
18839
18847
18848
18850
18852
18863
18864
18865
18867
18868
18869
18875
18876
18880
18881
18884
18885
18888
18897
18898
18904
18908
18913
18914
18915
18917
18926
18929
18932
18935
18938
18940
18945
18946
18949
18960
18975
18978
18981
18985
18990
18992
18995
18999
19003
19011
19013
19015
19018
19019
19023
19030
19032
19037
19039
19041
19042
19045
19049
19050
19051
19055
19058
19060
19062
19063
19065
19070
19077
19079
19082
19107
19111
19116
19121
19122
19123
19132
19134
19135
19157
19162
19166
19168
19169
19187
19188
19191
19193
19194
19205
19207
19208
19221
19222
19229
19235
19236
19242
19250
19255
19257
19262
19266
19268
19269
19275
19277
19279
19281
19283
19285
19286
19288
19290
19291
19293
19295
19296
19307
19308
19314
19319
19320
19325
19331
19335
19339
19342
19344
19346
19351
19358
19360
19364
19368
19371
19372
19373
19378
19379
19385
19386
19389
19395
19399
19402
19405
19406
19411
19414
19427
19441
19443
19444
19452
19453
19458
19459
19461
19467
19469
19474
19476
19477
19479
19486
19487
19489
19530
19553
19562
19563
19568
19571
19574
19575
19579
19580
19602
19607
19618
19627
19630
19631
19632
19633
19634
19635
19636
19651
19658
19675
19677
19686
19689
19698
19716
19721
19730
19738
19747
19750
19765
19767
19775
19778
19781
19788
19809
19816
19828
19830
19835
19837
19839
19840
19844
19862
19864
19884
19886
19896
19904
19911
19916
19920
19927
19929
19934
19946
19972
19980
19987
19998
20001
20017
20018
20020
20022
20026
20028
20029
20034
20036
20038
20044
20047
20053
20057
20071
20074
20082
20083
20086
20102
20112
20115
20116
20118
20120
20124
20126
20127
20130
20134
20152
20157
20158
20168
20177
20181
20183
20184
20185
20188
20189
20197
20200
20201
20211
20213
20217
20223
20228
20230
20231
20237
20241
20246
20255
20259
20269
20290
20292
20293
20299
20303
20310
20317
20319
20328
20341
20347
20351
20354
20357
20361
20364
20365
20366
20368
20369
20372
20379
20390
20468
20475
20481
20495
20497
20503
20508
20511
20525
20526
20531
20536
20541
20546
20547
20549
20555
20572
20578
20582
20603
20611
20618
20627
20634
20649
20650
20651
20665
20686
20687
20690
20695
20696
20698
20699
20700
20704
20705
20706
20707
20710
20724
20727
20734
20754
20768
20769
20772
20775
20784
20787
20818
20829
20846
20865
20866
20873
20877
20887
20898
20903
20905
20916
20917
20929
20939
20965
20967
20975
20979
20981
20982
20984
21010
21011
21028
21030
21035
21041
21042
21050
21052
21068
21082
21085
21089
21091
21092
21104
21115
21117
21118
21119
21124
21130
21131
21135
21136
21139
21142
21146
21147
21148
21150
21156
21160
21163
21165
21166
21168
21170
21171
21173
21178
21185
21187
21188
21190
21191
21194
21195
21197
21200
21201
21215
21218
21234
21236
21238
21239
21240
21250
21251
21255
21261
21264
21265
21277
21278
21300
21301
21306
21310
21311
21353
21358
21359
21366
21369
21372
21373
21378
21387
21392
21404
21406
21411
21412
21420
21424
21429
21430
21431
21436
21443
21444
21452
21459
21461
21470
21472
21474
21480
21482
21487
21491
21492
21493
21502
21508
21509
21512
21515
21516
21517
21519
21523
21528
21532
21533
21534
21536
21542
21544
21545
21546
21551
21553
21556
21568
21570
21573
21574
21576
21577
21579
21580
21581
21587
21588
21592
21594
21595
21597
21598
21599
21602
21603
21607
21610
21611
21616
21620
21624
21626
21627
21631
21632
21633
21638
21641
21642
21644
21647
21648
21656
21657
21669
21672
21673
21675
21683
21692
21699
21701
21711
21717
21720
21726
21729
21735
21752
21755
21757
21760
21762
21764
21765
21766
21769
21778
21779
21784
21787
21794
21799
21802
21811
21813
21820
21843
21844
21845
21853
21855
21866
21870
21875
21876
21881
21883
21887
21898
21899
21901
21912
21915
21918
21925
21930
21932
21937
21940
21943
21944
21947
21966
21967
21971
21972
21973
21974
21976
21977
21979
21985
21986
22002
22004
22012
22014
22017
22021
22025
22027
22030
22032
22041
22058
22060
22069
22072
22080
22093
22096
22102
22105
22106
22109
22111
22112
22123
22126
22134
22139
22141
22142
22163
22176
22177
22192
22194
22199
22206
22223
22233
22238
22240
22248
22254
22255
22256
22259
22260
22262
22268
22279
22281
22290
22303
22327
22332
22333
22334
22350
22369
22377
22389
22402
22412
22415
22431
22432
22445
22458
22464
22472
22475
22479
22488
22500
22516
22539
22548
22555
22563
22573
22583
22603
22619
22631
22634
22640
22644
22654
22656
22659
22668
22670
22673
22676
22679
22680
22681
22682
22683
22686
22687
22690
22692
22693
22695
22701
22704
22707
22709
22713
22721
22724
22726
22730
22731
22732
22735
22739
22740
22741
22746
22752
22753
22759
22761
22766
22769
22777
22783
22790
22798
22800
22801
22802
22803
22808
22809
22810
22811
22814
22816
22828
22833
22835
22837
22842
22845
22846
22849
22859
22864
22866
22867
22868
22870
22879
22882
22883
22884
22892
22894
22896
22897
22903
22906
22907
22916
22917
22929
22934
22941
22946
22949
22953
22954
22955
22959
22960
22963
22966
22968
22971
22972
22977
22995
23006
23018
23025
23027
23031
23040
23042
23043
23044
23046
23048
23053
23054
23059
23060
23065
23068
23069
23070
23071
23074
23076
23079
23080
23084
23085
23086
23094
23095
23096
23097
23100
23102
23103
23106
23114
23115
23118
23119
23126
23127
23128
23130
23132
23137
23141
23147
23151
23155
23157
23162
23163
23166
23170
23171
23172
23175
23176
23177
23181
23183
23184
23185
23186
23187
23189
23191
23194
23196
23197
23199
23200
23202
23203
23204
23207
23213
23214
23218
23221
23222
23223
23224
23226
23232
23236
23243
23249
23254
23259
23260
23261
23267
23268
23272
23273
23275
23277
23299
23303
23304
23311
23312
23313
23325
23327
23328
23330
23331
23334
23335
23336
23339
23340
23341
23345
23354
23356
23357
23361
23362
23377
23380
23382
23384
23391
23392
23393
23399
23401
23405
23410
23411
23413
23417
23418
23434
23436
23437
23439
23443
23444
23447
23456
23459
23462
23476
23480
23481
23483
23484
23493
23494
23498
23500
23503
23506
23510
23512
23513
23517
23521
23523
23526
23531
23532
23533
23534
23539
23543
23554
23558
23565
23566
23573
23574
23575
23577
23578
23582
23593
23601
23602
23603
23605
23607
23608
23609
23611
23613
23625
25112
25116
25124
25130
25137
25138
25149
25150
25152
25160
25165
25167
25177
25179
25180
25189
25190
25197
25212
25219
25232
25240
25245
25246
25254
25258
25266
25271
25272
25278
25289
25290
25300
25301
25304
25305
25308
25314
25318
25319
25320
25323
25327
25331
25332
25337
25338
25340
25341
25346
25352
25354
25355
25364
25371
25373
25375
25377
25384
25385
25391
25395
25396
25398
25401
25404
25412
25413
25426
25427
25449
25450
25457
25458
25459
25460
25464
25467
25470
25471
25476
25478
25480
25484
25492
25493
25494
25502
25505
25507
25513
25514
25515
25516
25517
25522
25532
25533
25534
25540
25547
25551
25552
25557
25560
25561
25566
25567
25571
25578
25583
25585
25586
25588
25592
25595
25596
25599
25601
25602
25606
25607
25613
25614
25623
25624
25632
25635
25638
25640
25642
25660
25661
25664
25665
25670
25671
25672
25674
25676
25677
25678
25681
25684
25685
25686
25690
25691
25692
25695
25702
25703
25717
25720
25722
25723
25724
25725
25726
25728
25730
25734
25745
25748
25754
25761
25764
25769
25770
25771
25775
25776
25777
25779
25780
25781
25782
25792
25794
25797
25798
25799
25800
25802
25809
25817
25819
25836
25838
25839
25842
25843
25844
25848
25851
25852
25854
25856
25858
25868
25872
25875
25880
25886
25887
25889
25899
25901
25902
25904
25908
25930
25932
25938
25947
25952
25955
25961
25962
25964
25977
25978
25980
25982
25983
25984
25985
25989
25991
25997
26000
26001
26007
26010
26017
26027
26033
26039
26046
26054
26065
26067
26077
26078
26080
26081
26085
26089
26091
26092
26093
26095
26103
26104
26108
26112
26113
26119
26120
26125
26126
26129
26130
26138
26143
26145
26149
26158
26159
26166
26170
26182
26185
26190
26197
26198
26199
26201
26203
26204
26205
26206
26208
26218
26219
26226
26229
26233
26235
26249
26254
26255
26256
26257
26259
26263
26269
26270
26276
26277
26283
26288
26290
26293
26297
26299
26300
26301
26302
26307
26308
26310
26316
26334
26336
26338
26343
26345
26348
26351
26352
26360
26362
26363
26373
26377
26378
26382
26383
26384
26406
26410
26414
26417
26419
26420
26422
26423
26426
26437
26438
26443
26449
26452
26454
26455
26457
26463
26468
26469
26470
26474
26476
26477
26478
26479
26485
26486
26496
26497
26498
26500
26503
26506
26523
26525
26526
26537
26545
26547
26554
26555
26563
26571
26573
26580
26581
26585
26592
26601
26604
26608
26609
26613
26614
26621
26624
26630
26631
26635
26639
26649
26656
26659
26671
26672
26686
26692
26707
26709
26712
26713
26714
26718
26720
26721
26722
26724
26736
26738
26742
26748
26751
26752
26753
26755
26756
26758
26759
26761
26763
26772
26778
26784
26786
26789
26809
26810
26811
26814
26817
26818
26819
26830
26839
26848
26849
26850
26854
26855
26856
26868
26870
26874
26881
26893
26897
26898
26899
26903
26907
26911
26913
26914
26919
26922
26930
26938
26943
26953
26956
26968
26971
26983
26984
26997
27009
27017
27024
27027
27030
27035
27041
27055
27061
27065
27068
27089
27090
27092
27096
27098
27104
27105
27107
27108
27109
27110
27122
27124
27132
27133
27135
27137
27145
27148
27149
27154
27158
27164
27165
27170
27189
27205
27207
27209
27218
27219
27220
27223
27226
27238
27239
27240
27241
27244
27245
27251
27253
27254
27256
27264
27267
27268
27277
27278
27280
27282
27283
27284
27289
27290
27295
27299
27300
27303
27306
27313
27314
27315
27316
27321
27327
27328
27329
27336
27338
27339
27340
27342
27345
27349
27354
27357
27358
27360
27362
27366
27368
27371
27373
27374
27375
27379
27380
27381
27383
27384
27388
27394
27396
27398
27401
27402
27413
27423
27427
27429
27432
27433
27435
27448
27450
27452
27454
27455
27466
27480
27481
27489
27492
27496
27505
27507
27513
27520
27528
27533
27538
27541
27544
27545
27546
27547
27557
27558
27562
27571
27574
27576
27577
27586
27595
27597
27598
27608
27609
27610
27613
27618
27619
27626
27627
27632
27642
27654
27660
27674
27683
27693
27695
27698
27705
27706
27711
27714
27715
27721
27725
27727
27731
27733
27738
27739
27743
27744
27747
27748
27749
27753
27757
27767
27776
27785
27789
27790
27796
27801
27807
27812
27817
27818
27822
27823
27825
27826
27833
27841
27842
27844
27847
27851
27853
27857
27862
27865
27867
27870
27894
27898
27899
27903
27905
27907
27908
27915
27916
27926
27937
27940
27941
27942
27962
27966
27967
27972
27974
27981
27986
27987
27988
27989
27990
27995
28001
28005
28006
28009
28011
28013
28014
28020
28022
28027
28030
28031
28034
28035
28037
28043
28046
28057
28058
28071
28073
28077
28078
28079
28080
28085
28091
28092
28096
28098
28110
28113
28119
28133
28134
28137