7708
7728
7735
7762
7776
7934
7937
7941
7944
7945
7947
7948
7950
7952
7957
7959
7970
7971
7972
7975
7977
7978
7979
7980
7982
7983
7984
7987
7988
7989
7991
7994
7995
7996
8000
8001
8007
8008
8009
8011
8012
8013
8017
8020
8024
8027
8030
8033
8034
8039
8040
8041
8044
8050
8056
8058
8059
8060
8064
8067
8070
8071
8072
8076
8078
8080
8091
8094
8095
8098
8099
8100
8114
8118
8130
8133
8137
8153
8156
8159
8163
8170
8176
8177
8194
8198
8205
8214
8216
8223
8225
8232
8234
8235
8238
8246
8254
8255
8263
8269
8276
8279
8284
8285
8287
8298
8303
8314
8326
8328
8348
8349
8357
8359
8366
8368
8377
8379
8385
8396
8403
8416
8422
8432
8450
8460
8462
8477
8479
8486
8496
8511
8521
8523
8526
8527
8528
8529
8530
8538
8539
8541
8543
8553
8554
8555
8557
8558
8561
8563
8573
8575
8579
8580
8587
8590
8591
8593
8594
8596
8599
8604
8607
8610
8614
8618
8629
8631
8640
8644
8646
8649
8668
8669
8670
8672
8675
8676
8678
8679
8680
8681
8683
8684
8685
8686
8689
8691
8692
8693
8695
8698
8699
8701
8702
8703
8705
8708
8711
8713
8714
8746
8749
8750
8751
8752
8755
8757
8758
8761
8762
8765
8766
8767
8768
8769
8772
8782
8783
8785
8786
8787
8788
8801
8802
8803
8804
8805
8806
8808
8810
8815
8816
8819
8820
8826
8827
8830
8831
8835
8837
8840
8844
8845
8846
8847
8853
8862
8888
8889
8890
8891
8893
8894
8895
8896
8898
8899
8900
8901
8902
8903
8904
8905
8907
8908
8909
8910
8911
8912
8926
8946
8947
8950
8954
8955
8962
8965
8966
8986
8987
8992
9024
9025
9028
9078
9200
9201
9285
9336
9337
9342
9344
9345
9346
9349
9353
9354
9355
9358
9359
9360
9361
9363
9365
9369
9370
9373
9375
9383
9384
9385
9386
9391
9392
9394
9396
9402
9403
9406
9410
9411
9437
9450
9451
9455
9456
9460
9462
9463
9464
9465
9466
9469
9470
9471
9472
9476
9485
9488
9489
9490
9491
9496
9501
9503
9505
9506
9508
9509
9510
9511
9512
9513
9515
9516
9518
9519
9521
9524
9528
9532
9533
9536
9538
9540
9541
9542
9543
9549
9554
9558
9559
9564
9565
9567
9568
9570
9571
9576
9577
9578
9579
9581
9582
9583
9584
9586
9587
9590
9591
9592
9593
9596
9609
9612
9613
9614
9615
9616
9617
9618
9621
9622
9623
9624
9629
9633
9634
9635
9637
9638
9647
9648
9653
9661
9665
9666
9668
9672
9673
9674
9676
9677
9679
9688
9692
9693
9696
9698
9700
9703
9709
9716
9719
9760
9770
9771
9773
9776
9780
9781
9782
9786
9787
9789
9790
9792
9793
9795
9801
9803
9804
9805
9807
9808
9810
9811
9814
9815
9816
9817
9818
9819
9820
9821
9822
9823
9825
9826
9827
9829
9830
9831
9832
9833
9834
9835
9836
9837
9839
9840
9843
9844
9845
9846
9847
9848
9849
9851
9852
9853
9857
9858
9859
9860
9861
9862
9863
9864
9865
9867
9868
9869
9870
9872
9873
9876
9877
9881
9882
9887
9888
9889
9891
9894
9895
9897
9898
9959
9962
9969
9970
9977
9979
9980
9981
9984
9991
10005
10015
10043
10044
10046
10047
10048
10049
10050
10052
10053
10054
10063
10081
10082
10097
10100
10101
10102
10103
10104
10105
10107
10109
10110
10111
10112
10113
10114
10115
10116
10117
10118
10119
10121
10122
10123
10124
10125
10127
10128
10129
10130
10131
10132
10141
10143
10144
10145
10146
10148
10149
10150
10151
10152
10154
10156
10157
10158
10163
10164
10165
10168
10170
10171
10172
10174
10178
10179
10180
10182
10184
10185
10186
10188
10189
10190
10191
10192
10193
10194
10195
10197
10201
10205
10208
10209
10210
10212
10217
10218
10220
10223
10224
10225
10229
10231
10233
10236
10241
10248
10251
10252
10256
10257
10259
10262
10268
10274
10275
10277
10280
10281
10282
10287
10289
10290
10291
10296
10299
10300
10301
10305
10307
10308
10309
10311
10316
10321
10325
10328
10330
10331
10332
10333
10334
10335
10336
10338
10341
10342
10343
10345
10347
10348
10349
10351
10352
10353
10354
10355
10357
10358
10363
10364
10365
10371
10372
10373
10374
10375
10378
10380
10381
10382
10383
10387
10389
10391
10392
10393
10395
10398
10401
10402
10404
10405
10406
10414
10415
10416
10417
10419
10420
10421
10423
10424
10426
10429
10430
10436
10437
10438
10442
10444
10446
10449
10452
10453
10456
10460
10461
10462
10463
10464
10466
10468
10474
10478
10479
10480
10482
10484
10485
10488
10489
10490
10492
10493
10494
10495
10496
10497
10499
10500
10502
10504
10505
10507
10509
10512
10513
10514
10516
10517
10518
10519
10520
10524
10525
10526
10527
10528
10532
10533
10534
10538
10541
10545
10548
10550
10551
10552
10553
10554
10557
10558
10560
10561
10562
10563
10564
10565
10569
10571
10572
10573
10575
10578
10583
10584
10585
10588
10589
10590
10591
10595
10597
10599
10601
10603
10608
10611
10613
10615
10616
10617
10619
10620
10621
10622
10623
10626
10629
10631
10632
10633
10634
10637
10639
10640
10641
10643
10644
10645
10647
10648
10650
10651
10653
10654
10655
10659
10666
10667
10668
10670
10674
10677
10681
10686
10687
10688
10695
10701
10705
10706
10711
10720
10721
10722
10726
10727
10731
10733
10737
10738
10744
10745
10747
10750
10759
10763
10764
10766
10767
10771
10772
10775
10780
10785
10786
10787
10789
10793
10794
10801
10802
10803
10806
10813
10822
10823
10824
10835
10836
10837
10847
10848
10849
10850
10851
10852
10856
10857
10858
10861
10863
10869
10870
10872
10876
10882
10884
10885
10886
10887
10889
10890
10891
10892
10895
10896
10903
10907
10908
10910
10920
10921
10922
10925
10929
10933
10934
10935
10939
10941
10942
10944
10953
10955
10956
10957
10959
10966
10973
10977
10979
10983
10985
10986
10988
10990
10991
10994
10998
11013
11014
11015
11016
11018
11019
11023
11024
11025
11028
11030
11040
11042
11049
11050
11055
11058
11062
11127
11152
11155
11156
11158
11163
11164
11165
11166
11168
11172
11180
11186
11198
11203
11205
11207
11208
11209
11222
11229
11230
11231
11235
11237
11239
11248
11349
11353
11354
11355
11356
11360
11361
11362
11363
11364
11365
11367
11368
11370
11371
11380
11384
11385
11388
11391
11394
11398
11399
11404
11406
11407
11409
11411
11413
11415
11419
11424
11428
11431
11435
11437
11447
11451
11452
11454
11455
11458
11467
11470
11471
11475
11476
11481
11484
11494
11500
11503
11504
11505
11506
11510
11520
11522
11523
11530
11535
11536
11539
11541
11543
11544
11545
11546
11547
11549
11550
11552
11556
11560
11561
11564
11566
11570
11572
11574
11575
11577
11579
11580
11581
11584
11585
11587
11599
11605
11606
11620
11638
11639
11647
11649
11650
11653
11660
11680
11695
11702
11705
11706
11707
11708
11716
11717
11718
11720
11723
11736
11738
11748
11759
11767
11768
11769
11792
11801
11802
11806
11812
11815
11818
11819
11823
11824
11826
11828
11829
11830
11836
11837
11843
11846
11851
11854
11856
11859
11861
11872
11873
11875
11876
11877
11878
11879
11881
11882
11883
11885
11886
11887
11888
11889
11890
11894
11897
11898
11900
11901
11909
11917
11918
11928
11932
11933
11936
11937
11940
11942
11945
11957
11958
11961
11977
11985
12002
12010
12012
12018
12026
12036
12037
12041
12050
12052
12057
12065
12066
12067
12072
12087
12092
12094
12097
12100
12101
12109
12114
12117
12119
12124
12128
12130
12137
12138
12140
12141
12144
12154
12161
12172
12185
12187
12189
12191
12203
12207
12208
12217
12220
12221
12230
12232
12235
12239
12241
12254
12256
12260
12264
12266
12276
12281
12284
12285
12288
12289
12293
12298
12300
12302
12315
12318
12337
12339
12344
12353
12355
12359
12360
12370
12373
12376
12378
12381
12383
12384
12386
12387
12388
12417
12419
12428
12429
12435
12443
12444
12445
12447
12578
12579
12580
12582
12585
12588
12589
12591
12593
12594
12596
12597
12599
12600
12601
12602
12604
12605
12610
12612
12614
12615
12616
12620
12621
12622
12624
12625
12626
12627
12628
12629
12630
12632
12633
12634
12635
12639
12640
12641
12642
12643
12644
12646
12648
12649
12650
12651
12656
12657
12659
12660
12661
12662
12663
12665
12668
12670
12676
12677
12678
12685
12686
12687
12688
12689
12691
12694
12696
12698
12699
12700
12701
12702
12705
12706
12707
12708
12709
12710
12711
12712
12713
12715
12716
12717
12718
12719
12720
12722
12723
12725
12726
12728
12729
12732
12736
12738
12739
12740
12742
12751
12765
12774
12779
12788
12789
12792
12794
12801
12802
12804
12809
12813
12821
12822
12826
12834
12841
12848
12849
12856
12872
12873
12879
12886
12899
12914
12915
12936
12942
12947
12964
12968
12973
12985
13000
13008
13018
13019
13027
13038
13041
13045
13046
13048
13056
13065
13068
13076
13077
13078
13085
13086
13092
13095
13099
13374
13377
13379
13383
13384
13386
13388
13389
13390
13392
13394
13395
13396
13397
13398
13399
13400
13401
13402
13404
13405
13406
13407
13408
13410
13412
13413
13414
13415
13416
13418
13419
13422
13423
13425
13427
13428
13432
13434
13438
13439
13440
13441
13442
13443
13444
13445
13447
13448
13449
13451
13458
13459
13460
13462
13466
13480
13482
13487
13489
13492
13495
13496
13500
13502
13503
13512
13516
13518
13525
13535
13542
13543
13544
13549
13553
13564
13568
13583
13584
13589
13590
13591
13593
13610
13611
13616
13617
13634
13648
13649
13650
13659
13666
13682
13683
13690
13691
13705
13720
13723
13724
13725
13726
13728
13748
13759
13762
13781
13785
13795
13855
13874
13878
13927
13987
14090
14205
14206
14212
14213
14216
14217
14221
14226
14228
14229
14230
14231
14232
14233
14237
14250
14251
14252
14256
14258
14259
14261
14263
14272
14275
14277
14279
14281
14282
14283
14285
14287
14294
14296
14297
14304
14306
14307
14308
14309
14311
14312
14314
14315
14320
14321
14325
14331
14337
14341
14343
14345
14346
14352
14355
14360
14372
14374
14375
14376
14391
14392
14394
14397
14403
14404
14407
14412
14414
14421
14424
14435
14442
14450
14453
14456
14460
14462
14464
14465
14467
14473
14474
14476
14478
14480
14487
14491
14494
14495
14501
14505
14509
14512
14520
14530
14540
14547
14550
14551
14552
14561
14567
14571
14575
14577
14579
14585
14587
14592
14593
14598
14607
14631
14649
14651
14653
14662
14667
14770
14773
14786
14792
14796
14805
14807
14808
14818
14819
14827
14829
14832
14840
14842
14843
14846
14848
14856
14876
14877
14878
14881
14884
14885
14886
14887
14890
14891
14895
14896
14899
14902
14913
14914
14915
14918
14919
14920
14926
14927
14931
14932
14933
14940
14942
14948
14952
14954
14955
14959
14960
14966
14969
14970
14972
14980
14984
14985
14986
14992
14994
14995
15001
15007
15008
15010
15013
15017
15018
15020
15021
15022
15023
15024
15029
15033
15034
15035
15037
15039
15042
15044
15048
15056
15057
15062
15063
15066
15068
15070
15072
15073
15074
15076
15077
15078
15079
15080
15086
15087
15088
15089
15090
15091
15094
15095
15096
15097
15101
15102
15105
15106
15107
15108
15111
15112
15113
15114
15115
15117
15118
15120
15122
15123
15127
15133
15135
15137
15142
15145
15148
15150
15151
15152
15153
15154
15155
15156
15157
15158
15159
15163
15165
15172
15175
15181
15182
15183
15184
15185
15186
15188
15192
15203
15210
15212
15215
15218
15219
15224
15230
15231
15239
15281
15282
15283
15284
15287
15288
15294
15299
15300
15302
15303
15306
15307
15308
15309
15310
15311
15314
15315
15318
15320
15321
15322