185
221
228
232
235
237
238
239
240
242
243
246
249
253
257
259
263
266
267
270
271
272
273
274
291
298
303
347
158
161
167
185
187
191
228
246
247
255
259
451
481
700
704
706
710
711
712
715
716
717
718
719
720
724
725
726
728
729
731
733
734
737
740
743
745
749
765
767
187
217
218
220
221
222
229
231
240
245
246
248
250
251
319
329
333
347
354
420
428
439
461
466
471
473
474
478
495
520
530
531
534
545
555
560
562
566
573
577
599
601
611
216
223
224
228
235
258
259
264
265
266
268
270
278
280
285
313
328
511
526