11071
11077
11091
11092
11129
11130
11132
11133
11135
11136
11137
11138
11139
11148
11184
11199
11205
11212
11215
11216
11228
11231
11240
11246
11251
11259
11269
11270
11281
11291
11293
11295
11298
11299
11301
11304
11310
11314
11317
11326
11355
11388
11390
11397
11401
11405
11414
11422
11423
11460
11466
11482
11488
11503
11504
11516
11517
11521
12171
12172
12218
12227
12228
12233
12250
12256
12260
12265
12285
12292
12294
12301
12303
12423
12491
12557
12566
12599
12600
12635
12691
12759
12794
12839
12842
12851
12986
13174
13390
13410
13563
13757
13873
14067
14077
14080
14084
14106
14112
14113
14117
14121
14125
14126
14127
14146
14160
14171
14179
14180
14182
14190
14203
14204
14211
14212
14225
14228
14239
14240
14241
14244
14245
14250
14258
14259
14260
14262
14263
14271
14278
14281
14289
14301
14330
14343
14344
14357
14364
14370
14377
14379
14383
14385
14387
14391
14402
14406
14407
14424
14430
14438
14439
14448
14521
14669
14678
14876
14880
15426
15427
15431
15488
15513
15515
15526
15541
15545
15587
15588
15597
15615
15656
15672
15680
15764
15797
15799
15807
15831
15838
15844
15851
15854
15878
15880
15881
15888
15898
15900
15903
15904
15909
15916
15921
15922
15927
15928
15930
15931
15934
15938
15939
15944
15947
15948
15949
15950
15961
15973
15981
15990
16014
16016
16022
16023
16024
16026
16029
16036
16044
16047
16065
16066
16073
16078
16082
16090
16101
16102
16105
16109
16110
16117
16119
16120
16123
16124
16127
16129
16146
16150
16157
16158
16159
16166
16169
16173
16174
16181
16185
16186
16189
16198
16204
16217
16227
16232
16255
16257
16258
16270
16271
16281
16286
16293
16297
16299
16311
16312
16316
16328
16368
16405
16439
16440
16806
16865
16915
16966
16977
16982
16987
17014
17017
17020
17412
17451
17534
17554
17561
17563
17564
17571
17579
17580
17585
17842
17863
17906
17907
17916
17917
18044
18047
18050
18055
18056
18078
18138
18175
18179
18184
18228
19070
19077
19100
19583
19598
19601
19617
19618
19628
19629
19639
19642
19643
19645
19646
19647
19667
19668
19669
19688
19713
19752
19760
19761
19805
19806
19847
19872
19914
19941
19975
19989
19998
20045
20084
20133
20137
20242
20251
20258
20738
12088
12241
12473
12477
12594
12917
12999
13167
13171
13449
13588
13632
13633
13679
13689
13692
13734
13752
13782
13786
13787
13791
13813
13821
13825
13836
13837
13858
13864
13866
13870
13871
13872
13873
13879
13880
13882
13887
13941
13942
13946
13959
13967
13968
13971
13985
13988
14002
14003
14006
14018
14033
14036
14043
14155
14166
14219
14240
14244
14259
14272
14277
14285
14288
14289
14312
14314
14315
14318
14324
14325
14346
14351
14360
14364
14365
14380
14381
14386
14399
14405
14410
14413
14414
14417
14418
14441
14442
14450
14458
14459
14461
14470
14475
14488
14490
14496
14499
14501
14506
14515
14522
14535
14537
14556
14573
14576
14578
14586
14590
14593
14594
14601
14603
14605
14628
14632
14634
14638
14647
14650
14662
14664
14666
14680
14681
14682
14687
14688
14693
14697
14698
14701
14706
14713
14714
14730
14732
14733
14734
14743
14751
14752
14760
14766
14790
14791
14792
14794
14795
14799
14802
14809
14810
14817
14826
14827
14834
14856
14858
14865
14876
14885
14893
14894
14904
14915
14924
14928
14935
14941
14945
14951
14952
14956
14959
14960
14968
14971
14980
14983
14996
14997
15018
15023
15026
15029
15036
15038
15039
15045
15048
15056
15057
15060
15061
15068
15083
15086
15101
15108
15109
15110
15112
15113
15125
15127
15137
15156
15157
15160
15173
15175
15181
15182
15199
15200
15203
15208
15210
15213
15222
15224
15236
15247
15248
15249
15259
15264
15265
15280
15283
15290
15296
15316
15436
15558
15561
15675
15799
15950
16302
16303
16321
16336
16375
16497
16538
16553
16589
16611
16619
16628
16978
16996
17016
17019
17026
17073
17089
17104
17108
17117
17139
17146
17307
17362
17399
17414
17442
17451
17455
17457
17460
17462
17463
17464
17466
17474
17475
17477
17501
17542
17639
17716
17730
17741
17865
17902
17966
17976
17984
18071
18091
18096
18107
18158
18200
18221
18319
18333
18337
18343
18553
18635
18637
18710
18718
18796
18945
19401
19542
19565
19566
19567
19568
19582
19601
19622
19627
19649
19695
19698
19774
19775
19776
19778
19787
19821
19843
19858
19860
19874
19888
19912
19913
19941
19950
19953
19954
19955
20001
20032
20092
20093
20094
20095
20111
20113
20125
20126
20158
20166
20176
20177
20179
20188
20209
20215
20231
20245
20264
20265
20322
20323
20335
20435
21419
21987
21995
22005
22006
22007
22013
22021
22026
22029
22030
22031
22035
22037
22079
22081
22082
22088
22089
22092
22093
22097
22098
22099
22121
22144
22148
22157
22162
22174
22179
22184
22189
22196
22201
22203
22207
22217
22221
22226
22243
22266
22291
22350
22352
22362
22396
22430
22464
22614
22615
22624
22648
22656
22657
22667
22672
22679
22682
22703
22705
22732
22761
22789
22811
22837
22853
22886
22897
22915
22923
22931
22939
23020
23038
23040
23051
23064
23067
23081
23127
23153
23172
23181
23198
23206
12446
12451
12456
12590
12775
12782
12792
12793
12794
12888
12935
13027
13033
13037
13057
13058
13068
13093
13142
13255
13272
13282
13355
13361
13436
13460
13513
13539
13572
13608
13627
13685
13704
13797
14034
14100
14232
14569
14575
14622
14629
14630
14634
14642
14643
14649
14662
14669
14690
14718
14724
14732
14774
14788
14808
14818
14836
14850
14879
14937
14938
14960
15012
15018
15035
15039
15056
15073
15088
15089
15096
15098
15126
15143
15212
15290
15307
15316
15390
15392
15396
15397
15477
15478
15661
15845
15949
15957
15998
16210
16212
16213
16232
16233
16264
16273
16311
16314
16321
16340
16354
16355
16370
16379
16422
16449
16485
16492
16550
16565
16591
16609
16611
16641
16668
16784
16786
16803
16808
16809
16810
16849
16863
16881
16904
16931
16967
16988
17001
17003
17005
17008
17025
17037
17131
17141
17146
17176
17193
17202
17227
17239
17249
17262
17269
17274
17287
17295
17359
17396
17401
17466
17468
17472
17483
17513
17519
17520
17529
17560
17561
17567
17578
17580
17591
17603
17665
17668
17669
17708
17709
17713
17717
17745
17757
17758
18001
18062
18070
18209
18323
18394
18627
18637
18662
18968
19784
20440
20444
20456
20659
20682
20697
20721
20750
21060
21476
21507
21514
21573
21584
21612
21628
21634
21635
21636
21660
21673
21711
21777
21780
21809
21822
21823
21862
21904
21915
21918
21930
21931
21932
21934
21942
21998
22125
22161
22315
22439
22765
22805
22827
22858
22902
22934
22945
22958
22982
22984
22988
22989
22990
22997
23474
23718
23862
23913
24041
24076
24400
24403
24409
24413
24416
24428
24430
24438
24441
24450
24483
24543
24553
24555
24608
24610
24613
24642
24673
4807
4829
4832
4846
4864
4876
4877
4878
4885
4909
4925
4953
4975
4990
4993
5083
5134
5186
5192
5214
5256
5367
5439
5442
5451
5559
5570
5571
5573
5581
5588
5594
5595
5611
5627
5634
5638
5646
5649
5666
5671
5687
5702
5703
5704
5705
5711
5712
5717
5718
5719
5724
5733
5746
5749
5752
5754
5755
5757
5760
5761
5764
5765
5767
5768
5770
5771
5772
5775
5778
5782
5793
5800
5807
5810
5811
5818
5826
5831
5833
5834
5844
5849
5853
5854
5864
5868
5882
5903
5913
5914
5915
5929
5932
5942
5953
5960
5961
5971
5974
5978
5981
5983
6001
6004
6011
6012
6026
6033
6035
6036
6048
6061
6062
6073
6083
6084
6116
6129
6141
6171
6172
6188
6189
6193
6199
6201
6203
6215
6218
6237
6243
6267
6294
6295
6301
6302
6310
6326
6390
6693
6725
6956
6976
7131
7241
7313
7675
7942
7989
8305
8512
8568
8678
8736
8770
8782
8862
8938
8941
8942
9324
9553
11133
11134
11348
11399
11536
11537
11602
11737
12003
12244
12687
12705
12706
12725
12771
12807
12819
12820