12697
12699
12700
12704
12706
12709
12711
12713
12715
12720
12721
12722
12723
12725
12726
12728
12729
12732
12733
12734
12736
12740
12741
12749
12750
12755
12756
12758
12763
12764
12772
12835
12836
12837
12844
12846
12848
12852
12855
12859
12860
12861
12862
12866
12867
12868
12870
12871
12872
12873
12874
12876
12889
12900
12907
12912
12917
12966
12968
12978
12979
12988
12994
12995
12996
12997
13000
13005
13006
13009
13012
13016
13019
13021
13026
13027
13033
13034
13035
13041
13048
13055
13057
13058
13059
13061
13065
13066
13073
13081
13082
13085
13087
13089
13090
13092
13095
13097
13102
13104
13105
13107
13109
13117
13119
13120
13125
13129
13137
13142
13148
13156
13157
13158
13160
13163
13165
13179
13184
13185
13186
13187
13188
13189
13192
13193
13194
13195
13196
13197
13198
13199
13200
13201
13202
13203
13204
13205
13206
13207
13208
13209
13210
13211
13212
13213
13214
13218
13222
13230
13231
13232
13233
13234
13235
13236
13237
13238
13239
13240
13241
13242
13243
13244
13245
13246
13247
13248
13249
13250
13251
13252
13253
13254
13255
13256
13257
13258
13259
13260
13261
13263
13266
13268
13270
13271
13273
13274
13275
13276
13277
13278
13279
13282
13284
13286
13287
13288
13289
13290
13292
13293
13299
13300
13303
13306
13307
13310
13311
13314
13315
13317
13318
13319
13321
13322
13323
13324
13325
13326
13329
13333
13334
13336
13337
13340
13341
13342
13343
13344
13347
13348
13349
13358
13363
13364
13373
13387
13388
13389
13392
13393
13402
13404
13405
13406
13407
13410
13411
13412
13413
13414
13415
13416
13418
13421
17158
17162
17164
17166
17167
17171
17173
17180
17181
17182
17185
17190
17191
17192
17195
17196
17197
17203
17206
17211
17216
17217
17226
17229
17230
17231
17235
17241
17245
17246
17249
17251
17254
17257
17259
17262
17264
17271
17272
17274
17275
17276
17278
17280
17281
17282
17285
17289
17290
17291
17293
17294
17296
17297
17301
17303
17305
17309
17311
17313
17314
17315
17322
17323
17327
17329
17334
17337
17338
17339
17340
17344
17345
17346
17347
17351
17354
17361
17363
17365
17367
17370
17371
17376
17377
17378
17381
17386
17387
17393
17399
17401
17406
17408
17409
17410
17413
17414
17418
17420
17422
17430
17431
17432
17433
17451
17452
17456
17458
17459
17460
17463
17466
17467
17468
17469
17470
17472
17474
17475
17478
17481
17482
17483
17484
17485
17488
17489
17490
17491
17492
17494
17495
17496
17497
17499
17500
17503
17504
17505
17506
17507
17508
17509
17510
17511
17512
17514
17518
17519
17520
17521
17522
17523
17525
17526
17527
17529
17530
17532
17534
17535
17536
17537
17538
17541
17542
17543
17544
17547
17548
17549
17551
17552
17553
17554
17555
17556
17557
17571
17649
17661
17689
17704
17715
17719
17721
17728
17734
17739
17768
17770
17774
17784
17816
17850
17854
17858
17859
17875
17878
17880
17883
17884
17891
17900
17903
17908
17921
17934
17941
17946
17951
17952
17955
17960
17961
17966
17969
17977
17987
17991
17994
17995
17996
17997
17999
18001
18003
18006
18009
18013
18016
18018
18019
18020
18027
18029
18035
18036
18043
18048
18049
18050
18052
18054
18063
18066
18069
18070
18071
18072
18073
18075
18081
18085
18088
18103
18106
18109
18112
18114
18115
18117
18119
18132
18133
18134
18136
18137
18143
18148
18150
18153
18156
18158
18169
18173
18176
18178
18182
18184
18185
18189
18190
18192
18198
18203
18214
18221
18231
18233
18237
18241
18244
18268
18287
18303
18311
18316
18317
18320
18322
18325
18335
18339
18340
18341
18359
18374
18377
18386
18388
18389
18390
18391
18396
18400
18402
18407
18408
18417
18425
18428
18432
18435
18436
18438
18443
18446
18458
18477
18494
18501
18505
18506
18510
18524
18542
18552
18554
18559
18560
18562
18574
18585
18598
18605
18613
18617
18619
18620
18621
18623
18624
18625
18627
18628
18632
18633
18636
18637
18640
18642
18653
18655
18657
18658
18659
18661
18663
18664
18665
18667
18668
18669
18672
18673
18674
18678
18679
18680
18684
18687
18688
18689
18690
18692
18693
18695
18696
18702
18704
18705
18706
18707
18708
18709
18710
18713
18714
18715
18716
18717
18718
18719
18721
18723
18724
18725
18727
18728
18733
18735
18737
18739
18741
18745
18746
18748
18749
18752
18753
18754
18755
18757
18758
18759
18760
18762
18764
18766
18767
18769
18771
18772
18773
18775
18776
18778
18780
18781
18783
18786
18788
18789
18790
18791
18794
18802
18803
18807
18808
18809
18811
18813
18816
18817
18821
18822
18823
18826
18827
18828
18830
18831
18832
18833
18834
18835
18836
18838
18840
18843
18844
18845
18848
18849
18851
18852
18853
18856
18858
18859
18860
18861
18863
18868
18869
18870
18871
18873
18877
18880
18881
18882
18884
18886
18887
18888
18889
18891
18893
18894
18896
18898
18899
18900
18901
18902
18903
18904
18905
18906
18907
18908
18909
18913
18915
18920
18921
18922
18924
18925
18927
18928
18929
18930
18931
18932
18933
18935
18937
18938
18939
18943
18944
18947
18949
18950
18951
18953
18954
18958
18959
18961
18962
18964
18965
18967
18968
18969
18970
18974
18975
18976
18977
18978
18979
18982
18983
18984
18989
18991
18993
18994
18996
18997
19001
19002
19004
19005
19006
19009
19011
19015
19018
19019
19022
19024
19025
19028
19029
19030
19031
19034
19036
19037
19038
19039
19041
19043
19044
19045
19046
19049
19051
19052
19053
19054
19055
19057
19058
19059
19062
19063
19064
19065
19066
19069
19070
19075
19077
19078
19083
19086
19087
19089
19090
19091
19092
19094
19095
19098
19103
19105
19107
19108
19109
19110
19111
19113
19114
19115
19117
19123
19124
19126
19128
19129
19130
19131
19137
19139
19140
19143
19144
19145
19146
19148
19150
19153
19156
19157
19159
19160
19161
19164
19166
19170
19171
19174
19175
19178
19179
19181
19187
19188
19189
19190
19191
19192
19194
19203
19208
19209
19216
19222
19224
19225
19227
19229
19233
19235
19237
19239
19243
19245
19247
19257
19279
19285
19287
19288
19292
19314
19316
19327
19338
19339
19345
19346
19360
19364
19368
19369
19370
19372
19379
19390
19392
19410
19415
19420
19432
19441
19445
19446
19450
19452
19460
19480
19491
19492
19494
19495
19510
19524
19526
19529
19550
19555
19560
19568
19573
19577
19609
19613
19620
19624
19629
19631
19638
19639
19640
19641
19642
19643
19644
19645
19646
19647
19648
19651
19669
19671
19672
19673
19674
19675
19676
19677
19678
19679
19680
19682
19683
19684
19685
19686
19694
19695
19696
19697
19699
19702
19704
19705
19706
19707
19708
19711
19713
19715
19717
19718
19723
19727
19732
19735
19736
19737
19738
19739
19740
19741
19742
19743
19744
19745
19746
19750
19752
19754
19756
19757
19760
19763
19764
19765
19767
19770
19773
19774
19775
19780
19782
19784
19785
19786
19787
19789
19790
19792
19793
19794
19796
19798
19799
19801
19802
19804
19807
19810
19815
19816
19818
19824
19828
19829
19830
19833
19834
19836
19837
19840
19841
19842
19843
19844
19847
19848
19851
19856
19857
19858
19861
19862
19863
19864
19865
19866
19867
19874
19875
19877
19881
19884
19886
19887
19888
19892
19897
19913
19914
19918
19919
19922
19926
19927
20674
21413
21414
21415
21417
21418
21426
21427
21428
21429
21432
21433
21434
21436
21443
21445
21449
21453
21454
21455
21460
21462
21463
21465
21466
21467
21468
21469
21470
21479
21494
21495
21531
21576
21660
21674
21734
21736
21912
21914
21916
21918
21920
21921
21924
21927
21928
21930
21931
21933
21934
21935
21937
21939
21940
21944
21950
21951
21955
21956
21958
21960
21961
21962
21963
21965
21968
21970
21978
21980
21981
21982
21983
21988
21993
21994
21995
21997
21999
22000
22001
22002
22004
22005
22007
22008
22009
22010
22011
22013
22014
22016
22018
22019
22021
22022
22023
22024
22026
22027
22029
22030
22031
22032
22033
22034
22039
22040
22041
22042
22044
22045
22047
22048
22049
22050
22052
22053
22057
22058
22059
22063
22064
22068
22069
22070
22072
22076
22079
22081
22082
22084
22085
22087
22089
22090
22092
22093
22094
22095
22098
22102
22103
22104
22107
22108
22110
22112
22113
22116
22117
22118
22119
22123
22124
22125
22126
22128
22130
22131
22133
22136
22137
22138
22140
22145
22149
22150
22151
22159
22163
22164
22166
22168
22169
22171
22172
22174
22176
22177
22178
22180
22181
22183
22186
22187
22188
22191
22192
22198
22203
22204
22206
22211
22214
22215
22216
22220
22221
22224
22225
22228
22229
22231
22232
22233
22235
22239
22242
22244
22247
22250
22251
22252
22257
22258
22259
22263
22264
22265
22266
22267
22269
22270
22271
22273
22275
22276
22277
22279
22280
22281
22282
22283
22284
22285
22286
22288
22292
22293
22299
22300
22301
22302
22303
22304
22305
22308
22309
22311
22312
22313
22314
22315
22316
22318
22319
22320
22321
22322
22324
22327
22329
22330
22333
22335
22336
22338
22339
22340
22342
22343
22347
22348
22350
22351
22353
22354
22355
22356
22357
22358
22359
22361
22362
22364
22369
22370
22371
22372
22373
22374
22375
22378
22379
22380
22382
22385
22386
22387
22391
22393
22395
22396
22399
22400
22401
22402
22403
22404
22405
22406
22407
22408
22409
22411
22416
22419
22422
22424
22425
22426
22429
22430
22437
22438
22442
22445
22448
22450
22452
22455
22457
22459
22460
22461
22462
22463
22465
22467
22469
22472
22474
22479
22482
22483
22485
22488
22492
22493
22495
22496
22498
22499
22501
22502
22503
22504
22505
22506
22509
22510
22511
22515
22516
22519
22520
22521
22522
22523
22524
22525
22531
22532
22536
22538
22539
22541
22542
22547
22548
22550
22552
22553
22554
22555
22556
22557
22558
22559
22561
22562
22563
22564
22565
22566
22572
22574
22576
22580
22581
22582
22584
22588
22589
22594
22596
22597
22598
22599
22602
22606
22608
22609
22610
22612
22615
22617
22619
22621
22625
22626
22627
22628
22629
22632
22633
22638
22640
22641
22642
22645
22646
22647
22653
22655
22656
22657
22658
22663
22665
22666
22670
22671
22672
22680
22681
22682
22683
22690
22691
22692
22695
22697
22698
22699
22710
22711
22713
22717
22723
22724
22725
22729
22730
22731
22734
22735
22736
22737
22738
22739
22741
22744
22745
22747
22748
22749
22750
22751
22756
22757
22761
22762
22764
22765
22766
22769
22770
22776
22778
22780
22781
22782
22783
22784
22786
22787
22788
22792
22793
22794
22795
22796
22797
22799
22801
22802
22803
22804
22807
22808
22809
22811
22812
22814
22820
22823
22826
22827
22829
22830
22833
22834
22835
22836
22841
22846
22848
22849
22851
22852
22853
22854
22855
22858
22861
22862
22863
22864
22865
22866
22867
22870
22874
22875
22876
22877
22880
22883
22885
22886
22891
22893
22894
22895
22897
22905
22906
22908
22909
22911
22914
22916
22917
22919
22920
22922
22924
22925
22927
22930
22931
22932
22935
22937
22940
22941
22942
22943
22944
22945
22946
22947
22951
22952
22953
22957
22958
22960
22961
22962
22963
22964
22968
22970
22971
22975
22978
22979
22981
22983
22984
22985
22986
22987
22991
22993
22996
22998
23000
23001
23002
23003
23004
23005
23007
23009
23011
23013
23014
23015
23016
23017
23018
23019
23021
23023
23024
23025
23027
23028
23031
23033
23034
23035
23038
23044
23050
23051
23052
23054
23056
23057
23059
23061
23062
23063
23064
23066
23067
23069
23073
23076
23077
23078
23082
23083
23086
23088
23091
23092
23093
23094
23095
23096
23097
23098
23099
23101
23103
23105
23106
23107
23114
23115
23117
23118
23119
23120
23125
23128
23130
23132
23133
23138
23139
23141
23142
23143
23145
23149
23151
23152
23153
23159
23160
23161
23162
23163
23165
23166
23169
23170
23172
23173
23175
23176
23177
23180
23182
23183
23184
23185
23191
23192
23195
23197
23198
23201
23204
23205
23206
23207
23208
23210
23217
23219
23220
23222
23225
23226
23227
23228
23230
23231
23232
23236
23237
23238
23241
23242
23243
23245
23246
23250
23251
23252
23254
23257
23259
23260
23262
23265
23266
23267
23268
23269
23270
23271
23272
23273
23275
23277
23279
23280
23281
23282
23283
23285
23286
23287
23291
23293
23294
23296
23297
23298
23300
23301
23303
23304
23307
23308
23309
23312
23313
23314
23315
23317
23319
23323
23324
23325
23328
23330
23332
23334
23337
23339
23342
23345
23346
23352
23355
23356
23357
23358
23359
23360
23363
23371
23376
23378
23383
23384
23385
23386
23392
23395
23396
23398
23399
23402
23405
23411
23412
23413
23414
23416
23417
23421
23422
23424
23430
23437
23438
23439
23441
23442
23443
23444
23445
23447
23449
23452
23455
23456
23457
23459
23460
23461
23463
23464
23466
23472
23474
23480
23481
23485
23487
23490
23491
23492
23493
23497
23499
23500
23503
23504
23505
23507
23508
23509
23512
23514
23520
23521
23522
23525
23526
23527
23528
23531
23534
23535
23538
23540
23543
23544
23545
23546
23551
23554
23555
23556
23557
23558
23559
23560
23564
23566
23567
23568
23572
23573
23575
23577
23582
23583
23584
23587
23589
23590
23591
23592
23594
23596
23598
23599
23600
23601
23604
23607
23608
23612
23615
23616
23620
23622
23631
23632
23634
23636
23637
23638
23639
23641
23644
23645
23646
23647
23651
23652
23653
23658
23660
23661
23662
23663
23667
23668
23671
23673
23674
23675
23678
23679
23681
23684
23685
23686
23689
23690
23692
23693
23694
23695
23696
23698
23700
23702
23703
23705
23709
23710
23711
23715
23718
23719
23720
23722
23723
23725
23726
23727
23729
23730
23732
23739
23742
23743
23745
23748
23750
23752
23753
23754
23756
23759
23760
23763
23764
23767
23773
23777
23779
23780
23782
23783
23787
23788
23789
23791
23793
23795
23796
23797
23798
23799
23802
23803
23805
23806
23810
23811
23814
23816
23817
23818
23819
23825
23827
23829
23834
23836
23838
23840
23841
23842
23843
23844
23847
23852
23853
23855
23856
23857
23862
23865
23867
23868
23869
23871
23874
23875
23876
23878
23880
23883
23884
23885
23886
23887
23889
23891
23893
23894
23895
23896
23899
23901
23905
23906
23911
23912
23914
23915
23920
23921
23922
23929
23930
23931
23932
23933
23935
23936
23937
23938
23939
23942
23944
23945
23946
23947
23950
23954
23955
23956
23958
23959
23961
23967
23969
23971
23972
23974
23976
23978
23979
23985
23986
23987
23988
23989
23990
23992
23994
23998
23999
24004
24005
24006
24007
24010
24012
24014
24016
24018
24020
24021
24025
24026
24029
24030
24034
24035
24039
24040
24041
24042
24043
24044
24045
24048
24051
24052
24053
24055
24057
24061
24062
24063
24065
24066
24069
24070
24072
24073
24075
24079
24084
24086
24087
24088
24089
24091
24092
24093
24094
24095
24097
24100
24101
24102
24103
24115
24169
24173
24236
24239
24240
24242
24243
24246
24247
24248
24249
24251
24252
24253
24255
24257
24258
24259
24260
24261
24262
24263
24265
24268
24269
24273
24276
24280
24282
24283
24284
24285
24286
24287
24288
24289
24293
24294
24297
24300
24301
24303
24305
24306
24308
24311
24312
24362
24373
24389
24391
24392
24397
24398
24399
24401
24402
24403
24405
24411
24413
24421
24424
24435
24436
24439
24443
24445
24446
24455
24459
24461
24467
24469
24479
24482
24484
24489
24490
24501
24508
24510
24542
24543
24544
24549
24552
24560
24564
24575
24576
24582
24586
24587
24589
24593
24594
24595
24610
24612
24613
24614
24615
24618
24622
24625
24629
24631
24632
24633
24634
24637
24639
24642
24647
24657
24658
24665
24669
24671
24675
24676
24677
24680
24683
24684
24685
24686
24691
24697
24700
24701
24702
24706
24707
24708
24709
24713
24736
24740
24741
24743
24746
24748
24750
24751
24757
24758
24759
24760
24763
24764
24765
24766
24774
24777
24779
24784
24785
24787
24788
24795
24796
24797
24799
24801
24802
24809
24812
24820
24822
24826
24828
24835
24837
24841
24843
24845
24846
24847
24848
24849
24850
24851
24852
24853
24856
24858
24859
24860
24861
24862
24863
24864
24865
24866
24867
24868
24869
24872
24873
24874
24875
24876
24877
24878
24879
24880
24881
24882
24884
24885
24886
24887
24888
24889
24891
24892
24893
24895
24896
24897
24898
24899
24900
24901
24902
24903
24904
24905
24906
24909
24911
24912
24913
24914
24915
24916
24917
24918
24923
24924
24927
24928
24929
24930
24932
24933
24935
24936
24941
24942
24945
24948
24951
24955
24956
24957
24964
24968
24969
24970
24972
24976
24977
24978
24979
24982
24983
24984
24985
24990
24991
24992
24994
24995
24996
24997
24998
24999
25000
25001
25003
25005
25009
25011
25013
25014
25015
25017
25018
25022
25023
25024
25027
25028
25031
25033
25034
25035
25039
25040
25041
25044
25046
25051
25053
25054
25058
25059
25060
25061
25062
25065
25066
25067
25068
25069
25072
25073
25078
25081
25082
25084
25085
25086
25088
25092
25095
25097
25100
25101
25103
25106
25108
25109
25110
25111
25112
25113
25114
25116
25117
25121
25122
25123
25124
25132
25133
25134
25135
25136
25137
25140
25146
25148
25149
25150
25151
25152
25153
25154
25155
25157
25159
25160
25161
25163
25164
25168
25169
25170
25171
25172
25173
25174
25176
25181
25188
25190
25193
25194
25195
25197
25200
25203
25204
25205
25206
25207
25208
25209
25210
25213
25214
25215
25216
25217
25219
25220
25222
25223
25224
25225
25227
25228
25229
25230
25233
25234
25235
25236
25237
25238
25239
25240
25241
25242
25243
25244
25245
25246
25248
25249
25250
25251
25253
25254
25255
25256
25257
25258
25260
25261
25262
25263
25264
25266
25267
25268
25271
25272
25278
25279
25280
25282
25283
25284
25285
25286
25287
25289
25290
25291
25292
25294
25295
25296
25297
25298
25299
25300
25301
25302
25303
25304
25305
25307
25308
25309
25311
25313
25314
25315
25316
25319
25320
25321
25322
25323
25324
25325
25326
25327
25331
25332
25333
25334
25335
25336
25338
25339
25340
25341
25342
25343
25348
25349
25351
25352
25353
25356
25360
25363
25364
25366
25378
25384
25389
25390
8589
8590
8591
8593
8598
8599
8600
8601
8602
8604
8606
8607
8610
8613
8618
8621
8622
8629
8633
8637
8638
8640
8642
8643
8646
8652
8653
8654
8723
8789
8799
8800
8802
8803
8806
8814
8827
8842
8859
8870
8878
8892
8901
8907
8910
8915
8918
8919
8929
8932
8956
8958
8981
8987
8990
9015
9019
9032
9054
9062
9070
9078
9093
9100
9101
9126
9128
9133
9134
9136
9137
9138
9139
9141
9142
9143
9144
9145
9146
9151
9152
9153
9155
9158
9159
9163
9164
9169
9170
9177
9183
9188
9191
9200
9202
9203
9204
9207
9208
9209
9210
9212
9214
9216
9217
9218
9219
9220
9221
9223
9225
9226
9227
9228
9230
9231
9232
9233
9234
9235
9236
9238
9240
9241
9243
9247
9249
9250
9253
9255
9256
9257
9258
9264
9265
9269
9271
9272
9273
9274
9275
9276
9277
9278
9279
9280
9281
9282
9283
9284
9285
9287
9289
9290
9292
9295
9296
9297
9298
9299
9300
9302
9303
9304
9305
9313
9314
9315
9316
9317
9318
9319
9320
9321
9323
9324
9325
9329
9332
9333
9336
9338
9341
9342
9343
9346
9348
9353
9354
9355
9358
9359
9362
9371
9372
9378
9382
9392
9404
9405
9414
9415
9430
9433
9436
9437
9438
9439
9440
9442
9443
9447
9450
9454
9463
9464
9466
9467
9468
9469
9470
9471
9473
9474
9480
9481
9483
9504
9507
9516
9517
9523
9529
9531
9532
9544
9549
9553
9556
9569
9578
9593
9597
9608
9621
9634
9637
9649
9663
9665
9667
9673
9676
9677
9680
9681
9688
9695
9696
9699
9707
9708
9709
9710
9718
9732
9733
9734
9735
9739
9743
9744
9746
9752
9755
9763
9764
9766
9776
9777
9778
9783
9799
9800
9802
9803
9805
9808
9811
9812
9824
9833
9842
9843
9844
9846
9858
9867
9873
9880
9883
9890
9891
9892
9895
9905
9909
9911
9914
9919
9927
9928
9930
9934
9939
9942
9947
9953
9954
9955
9961
9970
9973
9978
9993
9994
9995
9998
10000
10004
10006
10007
10008
10010
10011
10024
10025
10035
10038
10051
10100
10101
10102
10106
10107
10109
10112
10114
10116
10117
10118
10119
10120
10126
10132
10211
10217
10218
10219
10220
10222
10223
10224
10225
10226
10227
10228
10229
10230
10231
10232
10233
10235
10236
10237
10239
10240
10241
10242
10243
10244
10245
10246
10247
10248
10250
10251
10252
10255
10256
10257
10258
10259
10261
10262
10263
10264
10265
10266
10268
10269
10270
10271
10272
10273
10274
10275
10277
10278
10279
10280
10281
10282
10283
10285
10286
10287
10289
10290
10291
10317
10328
10331
10332
10335
10340
10342
10346
10347
10350
10353
10355
10363
10364
10366
10384
10385
10386
10387
10388
10389
10390
10392
10398
10403
10404
10405
10406
10407
10408
10411
10412
10413
10414
10415
10422
10427
10436
10446
10450
10455
10457
10459
10466
10470
10471
10472
10487
10500
10502
10503
10506
10509
10517
10522
10523
10528
10530
10531
10534
10535
10540
10543
10544
10545
10546
10553
10554
10561
10562
10569
10577
10580
10585
10592
10598
10599
10602
10603
10605
10606
10607
10613
10620
10622
10625
10626
10628
10640
10642
10643
10645
10711
10712
10719
10724
10726
10727
10728
10729
10730
10731
10737
10738
10739
10740
10741
10742
10743
10744
10747
10751
10753
10756
10758
10760
10761
10762
10763
10767
10768
10769
10771
10773
10774
10775
10776
10782
10790
10792
10797
10798
10803
10806
10809
10815
10821
10824
10826
10830
10840
10844
10854
10855
10859
10861
10864
10865
10869
10870
10873
10879
10907
10910
10913
10918
10919
10922
10923
10924
10925
10939
10941
10946
10947
10949
10954
10956
10959
10965
10970
10982
10988
10992
10998
11004
11006
11008
11011
11012
11018
11020
11028
11033
11041
11042
11055
11057
11058
11059
11069
11070
11072
11083
11099
11100
11105
11107
11111
11113
11123
11125
11129
11132
11136
11146
11153
11154
11156
11157
11160
11163
11167
11168
11170
11171
11172
11174
11175
11176
11177
11178
11179
11181
11183
11186
11187
11188
11189
11190
11192
11193
11195
11196
11197
11199
11201
11202
11203
11204
11206
11207
11208
11211
11212
11213
11216
11217
11218
11220
11221
11223
11224
11225
11226
11227
11228
11229
11230
11231
11232
11233
11234
11236
11237
11238
11241
11242
11243
11244
11245
11246
11247
11248
11249
11251
11252
11253
11256
11257
11260
11265
11266
11267
11269
11270
11271
11272
11273
11274
11276
11277
11278
11279
11280
11281
11282
11283
11284
11285
11286
11287
11289
11291
11293
11294
11295
11296
11297
11298
11299
11301
11302
11303
11304
11305
11306
11309
11310
11311
11312
11315
11316
11321
11322
11323
11324
11325
11326
11327
11328
11331
11333
11334
11335
11337
11338
11339
11340
11341
11343
11344
11347
11348
11349
11350
11352
11354
11358
11359
11360
11361
11362
11363
11364
11365
11368
11369
11370
11371
11372
11374
11375
11376
11378
11382
11384
11385
11387
11388
11389
11390
11391
11392
11393
11394
11395
11398
11400
11401
11402
11403
11404
11405
11406
11407
11408
11409
11410
11411
11412
11415
11416
11418
11420
11421
11422
11423
11425
11426
11427
11428
11429
11430
11432
11433
11434
11435
11436
11437
11439
11440
11442
11443
11444
11448
11449
11451
11452
11453
11454
11455
11456
11457
11459
11461
11462
11463
11465
11466
11467
11468
11469
11473
11492
11494
11497
11499
11501
11502
11503
11504
11506
11507
11508
11509
11511
11513
11514
11516
11517
11521
11522
11525
11526
11527
11528
11531
11535
11536
11538
11539
11540
11541
11542
11547
11548
11549
11554
11556
11559
11560
11561
11563
11567
11574
11577
11581
11583
11589
11590
11591
11592
11594
11597
11598
11599
11603
11605
11607
11608
11609
11612
11613
11615
11617
11618
11619
11620
11625
11626
11628
11634
11635
11636
11638
11639
11640
11642
11644
11646
11647
11650
11651
11652
11654
11656
11659
11660
11662
11663
11665
11666
11667
11671
11672
11674
11676
11677
11679
11681
11683
11684
11685
11686
11687
11688
11690
11695
11700
11705
11706
11708
11710
11712
11716
11719
11720
11724
11725
11730
11731
11732
11734
11737
11738
11739
11740
11742
11744
11745
11748
11750
11753
11759
11760
11761
11763
11767
11768
11769
11770
11771
11774
11782
11783
11790
11791
11792
11794
11795
11797
11798
11800
11802
11807
11810
11814
11815
11816
11818
11823
11824
11826
11827
11829
11830
11833
11834
11835
11836
11837
11838
11840
11845
11846
11847
11850
11851
11852
11853
11856
11858
11860
11863
11869
11873
11874
11878
11881
11883
11887
11891
11893
11894
11896
11897
11903
11904
11905
11906
11907
11914
11917
11918
11919
11921
11923
11925
11926
11927
11931
11933
11934
11935
11939
11940
11941
11942
11944
11950
11951
11952
11953
11955
11957
11958
11962
11964
11968
11969
11972
11975
11982
11985
11987
11990
11991
11992
11993
11994
11998
11999
12003
12005
12007
12009
12010
12012
12015
12016
12017
12020
12021
12025
12027
12032
12036
12037
12038
12039
12041
12048
12050
12051
12053
12054
12055
12058
12059
12060
12061
12062
12063
12064
12065
12066
12067
12068
12069
12072
12073
12074
12075
12084
12099
12104
12123
12159
12162
12163
12164
12166
12210
12211
12212
12220
12222
12224
12235
12239
12240
12241
12244
12248
12255
12257
12260
12263
12269
12270
12281
12282
12283
12287
12289
12302
12303
12305
12317
12318
12319
12320
12321
12329
12334
12337
12338
12339
12340
12341
12342
12344
12345
12346
12347
12348
12349
12350
12351
12352
12353
12356
12357
12358
12359
12360
12363
12365
12368
12369
12371
12372
12373
12374
12375
12376
12377
12378
12379
12380
12381
12383
12388
12389
12390
12391
12392
12393
12395
12397
12398
12400
12401
12405
12407
12408
12412
12414
12415
12418
12421
12422
12423
12424
12425
12427
12428
12429
12430
12431
12432
12433
12434
12436
12441
12442
12443
12444
12445
12446
12447
12448
12449
12450
12451
12452
12453
12454
12455
12457
12464
12465
12468
12470
12471
12472
12476
12479
12483
12484
12485
12491
12496
12497
12504
12513
12514
12515
12516
12517
12519
12520
12521
12522
12523
12526
12527
12528
12529
12530
12531
12532
12533
12534
12535
12537
12538
12540
12541
12542
12545
12547
12549
12550
12551
12552
12554
12555
12556
12557
12558
12560
12561
12562
12563
12564
12565
12566
12567
12568
12569
12571
12572
12573
12574
12575
12576
12577
12578
12579
12580
12582
12583
12584
12585
12586
12587
12588
12589
12590
12591
12592
12593
12594
12595
12596
12597
12599
12600
12601
12604
12606
12609
12611
12612
12616
12617
12618
12619
12620
12621
12625
12628
12629
12630
12631
12636
12638
12641
12642
12645
12646
12653
12655
12657
12662
12663
12667
12669
12672
12674
12675
12676
12678
12679
12681
12682
12683
12684
12686
12690
12691
12695
12696