9774
9844
9846
9847
9879
9880
9885
9896
9904
9906
9908
9912
9959
9963
9967
9968
9969
9970
9971
9974
9975
9979
9980
9983
9985
9986
9989
9990
9991
9992
9996
10003
10012
10013
10017
10023
10028
10043
10044
10050
10056
10057
10058
10060
10063
10065
10071
10072
10073
10074
10077
10079
10082
10089
10090
10092
10096
10097
10098
10100
10121
10122
10123
10125
10131
10132
10133
10135
10136
10137
10139
10147
10150
10154
10155
10157
10158
10159
10170
10171
10173
10176
10177
10180
10181
10183
10184
10195
10197
10203
10204
10207
10211
10219
10220
10221
10228
10229
10234
10238
10240
10241
10242
10245
10247
10250
10252
10253
10255
10259
10260
10267
10268
10269
10270
10274
10275
10283
10463
10576
10579
10581
10584
10586
10587
10592
10593
10594
10615
10621
10636
10639
10645
10648
10656
10657
10658
10659
10742
10743
10745
10748
10749
10750
10751
10753
10756
10758
10759
10761
10763
10764
10766
10767
10768
10769
10770
10771
10772
10774
10775
10776
10777
10779
10780
10781
10782
10784
10785
10789
10790
10795
10799
10804
10806
10807
10808
10810
10812
10813
10815
10816
10817
10818
10824
10826
10829
10831
10832
10836
10842
10844
10846
10848
10849
10850
10853
11062
11063
11064
11065
11066
11067
11068
11070
11072
11074
11076
11079
11080
11081
11082
11083
11087
11089
11091
11092
11093
11094
11095
11096
11097
11099
11100
11101
11102
11103
11104
11106
11109
11110
11111
11114
11115
11116
11117
11119
11120
11121
11122
11123
11124
11125
11126
11127
11129
11131
11132
11133
11134
11135
11137
11138
11139
11140
11141
11144
11146
11147
11148
11150
11151
11153
11156
11158
11159
11160
11161
11162
11164
11165
11166
11168
11169
11170
11173
11174
11175
11176
11177
11178
11180
11182
11183
11187
11188
11189
11191
11192
11193
11194
11195
11200
11201
11202
11203
11204
11205
11206
11207
11209
11210
11211
11212
11214
11215
11216
11217
11218
11219
11220
11222
11223
11225
11226
11227
11228
11229
11230
11232
11233
11235
11237
11238
11239
11240
11241
11243
11244
11245
11246
11249
11250
11251
11252
11253
11254
11256
11257
11258
11259
11262
11263
11264
11265
11266
11267
11268
11269
11270
11271
11273
11274
11276
11277
11279
11280
11281
11282
11283
11287
11288
11289
11290
11291
11292
11293
11294
11296
11298
11299
11300
11301
11302
11303
11308
11309
11310
11311
11312
11314
11315
11317
11319
11321
11322
11323
11324
11325
11326
11329
11330
11332
11334
11335
11337
11340
11341
11342
11343
11344
11345
11349
11350
11351
11352
11353
11354
11355
11356
11357
11358
11359
11360
11361
11363
11364
11365
11366
11367
11368
11369
11371
11373
11374
11375
11376
11378
11381
11382
11383
11385
11386
11387
11388
11390
11391
11392
11393
11394
11395
11397
11398
11399
11401
11402
11404
11406
11407
11409
11410
11411
11413
11414
11416
11417
11418
11420
11421
11423
11424
11425
11426
11427
11428
11429
11430
11432
11433
11434
11436
11437
11438
11439
11442
11443
11444
11445
11446
11448
11449
11450
11451
11453
11454
11455
11456
11457
11458
11459
11460
11461
11462
11463
11464
11465
11466
11467
11468
11469
11470
11471
11473
11474
11475
11479
11480
11481
11482
11483
11484
11486
11487
11488
11490
11491
11492
11493
11494
11495
11496
11499
11500
11501
11503
11505
11506
11507
11508
11509
11510
11511
11512
11513
11514
11517
11518
11519
11520
11521
11523
11524
11526
11527
11528
11530
11532
11533
11534
11535
11536
11538
11540
11541
11542
11543
11544
11546
11547
11548
11549
11550
11551
11552
11553
11554
11555
11556
11557
11559
11560
11561
11562
11563
11564
11565
11566
11567
11568
11569
11570
11571
11572
11573
11574
11575
11582
11584
11675
12846
12850
12853
12857
12858
12859
12861
12862
12864
12866
12867
12870
12877
12878
12879
12881
12883
12884
12885
12886
12887
12889
12890
12891
12892
12893
12894
12895
12897
12899
12900
12901
12902
12903
12904
12905
12906
12907
12908
12909
12914
12915
12916
12918
12919
12920
12921
12924
12925
12927
12930
12931
12933
12935
12942
12943
12946
12949
12950
12951
12952
12953
12954
12955
12956
12957
12958
12959
12961
12962
12963
12964
12965
12967
12969
12970
12971
12972
12973
12975
12976
12978
12979
12981
12982
12983
12993
12994
12995
13000
13002
13003
13008
13012
13020
13022
13023
13024
13025
13026
13027
13028
13030
13031
13033
13035
13038
13039
13043
13046
13047
13048
13049
13050
13051
13052
13053
13056
13058
13061
13062
13063
13065
13068
13070
13071
13072
13073
13074
13075
13076
13077
13078
13081
13083
13084
13087
13089
13090
13091
13093
13094
13096
13097
13098
13100
13103
13105
13107
13109
13112
13115
13119
13128
13129
13131
13132
13138
13140
13141
13145
13149
13154
13159
13163
13169
13170
13173
13192
13194
13196
13199
13202
13204
13205
13213
13214
13215
13216
13218
13220
13221
13226
13228
13231
13232
13233
13234
13237
13239
13241
13244
13251
13252
13259
13260
13261
13262
13266
13267
13269
13270
13271
13274
13278
13282
13283
13284
13285
13290
13291
13293
13298
13299
13300
13303
13304
13305
13306
13307
13308
13309
13310
13311
13314
13317
13322
13323
13324
13325
13336
13337
13339
13340
13342
13343
13344
13345
13346
13347
13348
13349
13350
13351
13353
13355
13356
13366
13367
13369
13370
13374
13382
13385
13386
13390
13392
13394
13395
13401
13403
13407
13408
13411
13412
13413
13416
13422
13423
13424
13425
13427
13429
13432
13434
13441
13444
13448
13449
13453
13454
13455
13456
13457
13459
13461
13463
13465
13466
13467
13469
13474
13476
13485
13492
13494
13495
13497
13498
13501
13502
13505
13506
13507
13508
13509
13510
13520
13523
13525
13526
13527
13529
13530
13532
13534
13540
13541
13544
13554
13559
13561
13562
13563
13567
13568
13569
13571
13572
13574
13575
13577
13580
13582
13583
13584
13585
13586
13587
13593
13605
13608
13609
13610
13612
13613
13614
13616
13618
13620
13621
13623
13626
13633
13635
13636
13637
13638
13639
13640
13641
13642
13646
13648
13650
13651
13652
13656
13658
13664
13666
13671
13672
13676
13678
13680
13681
13682
13683
13686
13691
13696
13698
13699
13706
13709
13710
13712
13713
13714
13717
13719
13720
13721
13723
13729
13732
13736
13737
13738
13739
13740
13742
13743
13747
13748
13749
13751
13753
13754
13757
13760
13761
13762
13763
13770
13773
13774
13776
13784
13788
13795
13796
13806
13810
13822
13828
13836
13837
13838
13839
13840
13841
13842
13848
13859
13860
13862
13866
13868
13870
13875
13880
13883
13884
13887
13894
13897
13898
13899
13901
13904
13906
13907
13912
13914
13915
13917
13918
13919
13925
13937
13954
13960
13962
13969
13976
13977
13980
13981
13984
13992
13994
13995
14000
14001
14003
14008
14013
14016
14022
14030
14035
14038
14040
14042
14043
14050
14051
14053
14055
14058
14059
14064
14065
14067
14069
14072
14073
14074
14076
14081
14082
14090
14092
14094
14097
14098
14099
14101
14104
14109
14113
14115
14120
14123
14125
14128
14141
14143
14144
14145
14146
14153
14154
14155
14156
14168
14169
14170
14173
14178
14187
14189
14204
14205
14207
14208
14210
14211
14215
14218
14229
14231
14234
14239
14241
14250
14251
14255
14256
14257
14264
14265
14267
14269
14272
14274
14275
14282
14284
14285
14287
14288
14289
14292
14293
14296
14297
14299
14300
14304
14307
14310
14314
14316
14317
14318
14319
14323
14329
14334
14335
14337
14338
14344
14352
14354
14356
14357
14358
14360
14363
14366
14368
14370
14374
14385
14388
14389
14391
14394
14395
14399
14401
14406
14411
14413
14416
14418
14420
14421
14422
14423
14424
14425
14430
14431
14433
14434
14441
14445
14450
14461
14462
14464
14469
14471
14472
14473
14482
14486
14492
14493
14495
14497
14504
14516
14519
14521
14528
14529
14533
14534
14537
14544
14547
14553
14555
14557
14558
14561
14564
14565
14567
14569
14572
14575
14577
14580
14587
14594
14596
14597
14602
14604
14606
14610
14615
14617
14624
14626
14631
14635
14643
14644
14645
14655
14659
14660
14669
14680
14689
14690
14694
14695
14713
14718
14722
14724
14725
14730
14733
14737
14739
14740
14741
14749
14751
14755
14759
14764
14767
14773
14781
14782
14783
14785
14789
14802
14805
14806
14811
14822
14825
14827
14828
14834
14836
14840
14845
14851
14853
14860
14867
14872
14874
14875
14881
14882
14884
14897
14904
14905
14906
14907
14908
14911
14916
14923
14931
14933
14936
14937
14938
14939
14944
14945
14946
14947
14948
14950
14951
14952
14953
14955
14956
14961
14963
14967
14972
14979
14980
14981
14983
14984
14986
14987
14989
14990
14993
14997
15001
15002
15003
15004
15008
15013
15016
15018
15019
15021
15025
15031
15033
15042
15051
15054
15055
15057
15062
15064
15065
15067
15069
15077
15078
15079
15080
15082
15083
15085
15086
15087
15091
15092
15097
15099
15102
15104
15111
15114
15116
15118
15121
15127
15130
15137
15143
15146
15147
15149
15150
15153
15155
15157
15159
15162
15165
15175
15176
15177
15184
15187
15188
15190
15194
15195
15196
15199
15209
15213
15215
15220
15227
15231
15237
15242
15244
15245
15246
15247
15248
15252
15253
15256
15257
15258
15260
15261
15267
15268
15269
15272
15274
15276
15282
15288
15289
15290
15292
15293
15309
15313
15314
15321
15323
15325
15326
15329
15330
15337
15338
15341
15343
15346
15348
15349
15358
15359
15360
15363
15364
15366
15368
15370
15371
15372
15373
15376
15381
15384
15391
15396
15397
15401
15402
15404
15406
15408
15410
15417
15418
15420
15422
15423
15425
15426
15428
15429
15433
15436
15438
15444
15452
15458
15460
15461
15462
15464
15466
15468
15470
15476
15479
15481
15484
15485
15487
15488
15498
15500
15504
15505
15508
15512
15515
15518
15520
15521
15523
15525
15526
15527
15528
15529
15531
15534
15537
15540
15541
15543
15544
15548
15551
15581
15585
15622
15625
15639
15641
15642
15643
15644
15646
15652
15667
15668
15669
15672
15673
15679
15681
15683
15686
15689
15690
15692
15695
15700
15701
15703
15704
15705
15706
15707
15708
15709
15712
15713
15714
15720
15721
15724
15728
15736
15743
15750
15751
15758
15769
15770
15773
15774
15775
15776
15777
15778
15779
15780
15781
15783
15784
15785
15787
15789
15790
15795
15796
15797
15798
15799
15802
15805
15810
15812
15814
15816
15817
15822
15823
15826
15827
15829
15831
15839
15840
15843
15844
15845
15846
15847
15849
15850
15853
15854
15858
15862
15864
15866
15867
15871
15872
15875
15877
15878
15879
15883
15884
15886
15887
15891
15892
15893
15894
15897
15898
15899
15900
15901
15903
15904
15905
15907
15908
15909
15913
15914
15916
15921
15922
15923
15930
15939
15941
15951
15952
15953
15955
15960
15965
15966
15967
15968
15969
15970
15973
15984
15992
15993
15998
15999
16002
16006
16009
16010
16012
16016
16019
16023
16028
16029
16038
16042
16043
16045
16046
16047
16048
16049
16050
16051
16052
16053
16054
16057
16059
16061
16062
16064
16065
16066
16067
16070
16075
16076
16077
16078
16079
16081
16082
16083
16091
16097
16098
16108
16113
16120
16121
16125
16127
16140
16144
16148
16153
16159
16162
16163
16164
16171
16172
16181
16187
16188
16191
16193
16194
16197
16198
16204
16205
16209
16215
16216
16219
16221
16224
16225
16230
16237
16238
16248
16251
16256
16258
16261
16264
16265
16266
16270
16275
16284
16286
16288
16291
16298
16301
16302
16303
16314
16316
16355
16369
16373
16377
16460
16461
16463
16465
16467
16469
16473
16474
16475
16478
16480
16482
16483
16484
16486
16487
16488
16489
16490
16491
16492
16493
16494
16498
16499
16500
16501
16502
16505
16506
16507
16508
16509
16510
16511
16512
16513
16514
16515
16516
16517
16518
16520
16521
16523
16524
16525
16526
16527
16528
16530
16531
16533
16534
16535
16537
16538
16541
16543
16544
16545
16547
16548
16549
16550
16551
16553
16554
16556
16557
16559
16560
16562
16563
16567
16569
16570
16571
16572
16573
16574
16575
16577
16578
16579
16581
16582
16584
16585
16586
16588
16589
16590
16591
16592
16593
16594
16596
16597
16599
16603
16604
16606
16608
16609
16611
16612
16613
16615
16616
16617
16618
16619
16620
16622
16625
16626
16628
16629
16630
16631
16632
16633
16634
16635
16636
16637
16638
16641
16642
16643
16645
16648
16649
16651
16652
16653
16654
16655
16657
16658
16659
16660
16662
16663
16664
16665
16667
16671
16672
16674
16676
16678
16679
16681
16682
16683
16684
16686
16687
16688
16693
16694
16695
16697
16701
16703
16704
16705
16706
16708
16709
16713
16714
16715
16717
16718
16719
16720
16721
16723
16725
16726
16727
16730
16731
16732
16734
16738
16739
16741
16742
16743
16746
16750
16751
16754
16755
16756
16757
16758
16760
16763
16764
16766
16767
16768
16770
16771
16772
16773
16779
16780
16786
16787
16788
16789
16790
16791
16792
16793
16794
16795
16796
16797
16799
16800
16801
16802
16804
16805
16808
16809
16811
16812
16813
16814
16815
16816
16817
16821
16822
16830
16833
16834
16835
16838
16839
16840
16842
16844
16845
16846
16850
16851
16853
16854
16856
16858
16859
16860
16861
16862
16864
16865
16870
16871
16872
16874
16875
16878
16880
16886
16889
16891
16895
16896
16897
16898
16899
16901
16902
16903
16904
16905
16906
16908
16911
16912
16913
16917
16918
16919
16921
16922
16923
16926
16927
16928
16931
16932
16933
16934
16935
16936
16938
16939
16940
16941
16942
16943
16944
16946
16947
16948
16949
16950
16951
16952
16953
16955
16956
16957
16958
16961
16962
16963
16966
16967
16969
16974
16976
16977
16978
16980
16981
16983
16985
16987
16988
16991
16992
16993
16994
16995
16996
16997
16998
16999
17000
17005
17007
17009
17010
17012
17015
17021
17023
17027
17030
17032
17034
17036
17038
17039
17040
17041
17042
17043
17044
17048
17050
17051
17052
17056
17057
17058
17059
17065
17068
17069
17070
17073
17075
17079
17080
17082
17083
17084
17085
17088
17089
17090
17097
17101
17106
17110
17111
17114
17115
17116
17121
17122
17123
17124
17125
17128
17129
17133
17134
17136
17139
17142
17145
17147
17148
17149
17151
17153
17159
17160
17166
17169
17170
17174
17177
17178
17179
17181
17182
17185
17189
17192
17193
17196
17197
17198
17204
17205
17209
17233
17234
17240
17243
17244
17245
17247
17248
17251
17255
17257
17258
17262
17263
17265
17266
17275
17277
17279
17281
17283
17286
17288
17289
17293
17295
17303
17307
17314
17318
17322
17324
17330
17333
17334
17339
17342
17343
17345
17346
17349
17352
17357
17359
17364
17369
17373
17376
17378
17379
17383
17387
17390
17391
17394
17397
17398
17404
17405
17410
17411
17412
17414
17418
17421
17426
17428
17429
17430
17434
17436
17440
17442
17445
17446
17447
17451
17452
17454
17459
17460
17462
17465
17469
17476
17477
17482
17483
17484
17489
17498
17501
17502
17504
17523
17535
17550
17553
17555
17562
17565
17566
17581
17582
17589
17593
17596
17597
17603
17608
17609
17611
17612
17615
17616
17618
17619
17622
17627
17630
17633
17643
17645
17647
17649
17650
17664
17667
17668
17673
17674
17677
17678
17681
17684
17691
17692
17693
17703
17707
17709
17710
17711
17714
17715
17719
17723
17724
17729
17735
17736
17753
17761
17792
17799
17802
17803
17804
17825
17826
17830
17832
17833
17836
17839
17840
17841
17843
17845
17851
17852
17858
17860
17861
17863
17865
17867
17868
17869
17871
17872
17874
17875
17880
17881
17888
17893
17896
17902
17903
17905
17908
17909
17912
17913
17914
17916
17917
17918
17922
17924
17929
17931
17933
17935
17940
17949
17951
17953
17955
17957
17958
17959
17963
17964
17966
17971
17972
17974
17981
17982
18001
18002
18004
18009
18010
18012
18013
18015
18017
18019
18048
18049
18050
18053
18054
18056
18057
18062
18063
18064
18065
18066
18067
18070
18075
18076
18082
18089
18091
18094
18099
18100
18110
18125
18127
18128
18152
18157
18191
18198
18229
18522
18524
18527
18537
18547
18548
18550
18552
18554
18557
18560
18566
18568
18569
18570
18575
18576
18577
18578
18580
18581
18583
18584
18585
18587
18588
18589
18590
18593
18595
18596
18598
18599
18600
18603
18604
18606
18608
18610
18617
18618
18625
18626
18627
18630
18631
18633
18634
18639
18640
18643
18644
18647
18649
18650
18652
18653
18660
18664
18666
18667
18670
18673
18674
18675
18676
18678
18680
18683
18684
18686
18687
18688
18690
18691
18694
18696
18697
18698
18699
18700
18701
18702
18703
18704
18706
18707
18708
18709
18711
18714
18717
18718
18719
18720
18721
18724
18725
18726
18730
18731
18733
18737
18738
18739
18740
18741
18742
18743
18744
18745
18746
18747
18748
18750
18752
18753
18754
18755
18757
18758
18759
18760
18761
18763
18765
18766
18767
18768
18769
18770
18771
18774
18775
18776
18777
18779
18780
18783
18784
18789
18790
18791
18792
18794
18795
18797
18798
18804
18807
18809
18817
18819
18820
18824
18825
18826
18827
18829
18832
18833
18842
18851
18852
18853
18854
18856
18857
18858
18864
18867
18869
18870
18874
18881
18884
18890
18891
18893
18898
18900
18903
18904
18908
18910
18918
18919
18922
18925
18932
18933
18936
18943
18947
18956
18961
18963
18969
18970
18973
18975
18982
18983
18984
18985
18986
18989
18990
18992
18993
18995
18996
18997
18998
19000
19001
19006
19008
19011
19012
19013
19014
19016
19019
19020
19022
19024
19026
19034
19044
19046
19048
19057
19059
19061
19062
19065
19069
19072
19079
19080
19082
19084
19086
19091
19092
19095
19100
19102
19110
19111
19114
19116
19120
19121
19122
19123
19129
19130
19131
19132
19139
19140
19142
19144
19148
19149
19152
19157
19162
19163
19165
19172
19176
19180
19189
19190
19191
19194
19199
19202
19204
19205
19206
19207
19210
19211
19216
19219
19225
19232
19233
19234
19236
19237
19238
19239
19242
19243
19245
19247
19249
19252
19254
19255
19257
19258
19262
19263
19265
19266
19267
19276
19278
19282
19286
19289
19290
19291
19292
19293
19295
19296
19299
19302
19305
19307
19308
19313
19314
19315
19316
19318
19324
19325
19326
19329
19330
19331
19333
19334
19336
19344
19346
19348
19351
19352
19353
19354
19360
19363
19365
19366
19370
19371
19372
19374
19382
19384
19396
19398
19402
19406
19408
19409
19410
19412
19414
19415
19417
19421
19422
19423
19427
19428
19432
19434
19436
19438
19440
19441
19444
19446
19447
19454
19466
19468
19469
19470
19471
19472
19473
19474
19475
19481
19489
19493
19496
19498
19499
19500
19501
19503
19504
19510
19513
19515
19519
19520
19522
19523
19524
19528
19531
19534
19537
19539
19540
19543
19546
19547
7752
7753
7756
7757
7761
7768
7770
7782
7783
7786
7787
7788
7789
7790
7793
7796
7797
7801
7802
7805
7806
7813
7815
7816
7820
7827
7829
7832
7837
7838
7842
7843
7844
7848
7852
7853
7854
7855
7860
7861
7862
7863
7864
7868
7871
7872
7873
7874
7875
7876
7879
7880
7882
7883
7884
7885
7886
7887
7888
7889
7890
7892
7893
7894
7895
7896
7897
7901
7902
7904
7905
7906
7907
7908
7910
7911
7912
7914
7915
7917
7918
7919
7921
7922
7923
7924
7925
7926
7930
7931
7932
7934
7938
7939
7961
7984
8028
8051
8052
8088
8089
8095
8105
8120
8121
8122
8123
8124
8125
8126
8129
8132
8134
8136
8137
8138
8139
8140
8142
8143
8144
8145
8146
8147
8148
8149
8150
8151
8152
8153
8154
8155
8156
8157
8158
8159
8160
8161
8162
8165
8166
8169
8170
8173
8175
8188
8189
8192
8194
8195
8196
8197
8198
8200
8201
8203
8205
8210
8214
8216
8218
8222
8223
8226
8230
8231
8232
8233
8234
8235
8236
8239
8241
8243
8248
8249
8252
8256
8258
8259
8260
8261
8263
8264
8265
8267
8268
8270
8271
8274
8275
8278
8280
8281
8285
8288
8291
8293
8294
8298
8360
8371
8389
8393
8402
8407
8459
8460
8507
8508
8509
8510
8511
8512
8513
8514
8515
8516
8517
8519
8520
8521
8522
8523
8525
8528
8529
8530
8531
8532
8536
8537
8538
8539
8540
8542
8544
8545
8547
8562
8563
8564
8565
8566
8567
8568
8569
8570
8571
8573
8575
8577
8578
8579
8581
8582
8583
8585
8586
8587
8588
8589
8590
8592
8596
8636
8651
8706
8709
8818
8829
8879
8934
8951
8952
8957
8961
8964
8968
8969
8970
8972
8973
8974
8984
9016
9020
9022
9023
9026
9028
9029
9033
9037
9039
9042
9053
9054
9055
9058
9059
9061
9062
9063
9064
9069
9070
9073
9074
9080
9086
9087
9091
9092
9094
9098
9103
9104
9110
9112
9115
9120
9123
9132
9137
9141
9146
9150
9155
9156
9157
9159
9160
9161
9165
9168
9169
9170
9173
9175
9176
9180
9181
9187
9196
9203
9204
9205
9208
9209
9211
9214
9215
9223
9228
9231
9238
9243
9246
9247
9249
9250
9251
9257
9260
9261
9264
9267
9268
9272
9275
9277
9278
9279
9280
9281
9283
9285
9286
9288
9291
9292
9293
9294
9297
9298
9301
9302
9307
9308
9309
9310
9311
9314
9316
9321
9336
9339
9342
9347
9348
9360
9367
9370
9371
9376
9378
9385
9389
9391
9398
9407
9408
9409
9420
9423
9424
9430
9431
9433
9445
9447
9453
9455
9469
9470
9477
9487
9488
9507
9509
9512
9514
9515
9516
9517
9518
9521
9525
9536
9538
9539
9540
9543
9544
9877