7348
7356
7358
7359
7360
7362
7374
7375
7380
7383
7385
7391
7392
7395
7396
7399
7401
7402
7405
7410
7416
7419
7420
7425
7426
7427
7428
7429
7433
7434
7440
7442
7444
7446
7462
7465
7479
7487
7491
7493
7494
7503
7505
7506
7508
7516
7517
7521
7524
7532
7537
7539
7540
7541
7542
7549
7550
7560
7572
7576
7585
7587
7590
7593
7595
7596
7599
7605
7607
7610
7612
7614
7615
7620
7628
7629
7630
7635
7637
7648
7658
7666
7667
7673
7674
7679
7690
7692
7693
7699
7700
7703
7704
7707
7710
7714
7717
7724
7741
7744
7745
7746
7753
7763
7764
7766
7768
7769
7779
7781
7785
7788
7790
7801
7803
7805
7815