13541
13542
13545
13546
13547
13549
13550
13551
13555
13556
13558
13559
13561
13562
13564
13568
13573
13574
13577
13578
13579
13582
13583
13584
13585
13586
13587
13588
13589
13590
13591
13595
13605
13606
13607
13608
13612
13613
13614
13615
13617
13618
13622
13623
13624
13625
13629
13631
13633
13638
13639
13641
13642
13643
13644
13645
13649
13650
13652
13653
13654
13655
13657
13659
13660
13665
13666
13667
13668
13670
13673
13676
13678
13679
13683
13684
13685
13687
13688
13691
13692
13693
13694
13695
13696
13697
13698
13701
13704
13705
13706
13707
13709
13710
13711
13712
13713
13714
13716
13717
13718
13722
13723
13726
13729
13730
13735
13736
13740
13743
13745
13747
13748
13749
13750
13751
13752
13753
13754
13755
13764
13765
13766
13772
13774
13776
13778
13779
13780
13781
13782
13787
13789
13790
13793
13794
13795
13796
13805
13806
13809
13810
13811
13812
13814
13816
13817
13818
13819
13820
13821
13824
13825
13827
13828
13829
13830
13831
13834
13835
13836
13837
13838
13841
13842
13845
13849
13851
13852
13858
13859
13864
13865
13866
13867
13868
13873
13874
13875
13876
13877
13881
13882
13885
13887
13888
13892
13896
13898
13899
13900
13901
13904
13905
13907
13908
13912
13916
13917
13919
13920
13921
13925
13927
13932
13933
13934
13936
13938
13939
13940
13941
13943
13947
13949
13951
13954
13955
13957
13959
13960
13961
13962