12653
12657
12662
12669
12678
12691
12696
12709
12710
12717
12718
12722
12724
12725
12753
12754
12757
12764
12768
12774
12776
12781
12787
12790
12794
12796
12799
12813
12823
12827
12828
12829
12834
12835
12842
12843
12864
12865
12925
12926
12932
12933
12934
12935
12937
12939
12940
12941
12943
12944
12945
12946
12955
12956
12957
12958
12959
12960
12963
12965
12966
12967
12969
12971
12975
12976
12977
12978
12979
12980
12981
12982
12983
12984
12986
12988
12989
12992
12994
12995
12997
12999
13002
13003
13004
13007
13010
13011
13014
13015
13017
13019
13021
13022
13024
13025
13026
13030
13033
13034
13040
13041
13043
13046
13047
13049
13050
13052
13053
13056
13058
13061
13062
13065
13066
13067
13069
13070
13071
13072
13073
13074
13075
13076
13077
13079
13080
13081
13083
13084
13086
13089
13090
13091
13095
13096
13097
13098
13100
13101
13103
13104
13106
13109
13110
13112
13113
13114
13115
13116
13118
13119
13120
13121
13123
13124
13125
13126
13130
13131
13132
13134
13135
13136
13137
13138
13141
13142
13143
13144
13145
13147
13149
13150
13153
13154
13155
13157
13160
13161
13162
13163
13164
13165
13166
13167
13168
13170
13171
13172
13175
13176
13177
13179
13182
13183
13184
13185
13186
13188
13189
13190
13191
13192
13193
13195
13198
13199
13200
13201
13202
13204
13205
13208
13213
13214
13215
13216
13217
13218
13219
13220
13222
13223
13225
13228
13229
13230
13231
13233
13234
13236
13239
13241
13244
13247
13248
13250
13251
13252
13253
13260
13261
13262
13265
13268
13269
13270
13271
13272
13273
13274
13281
13282
13288
13289
13291
13298
13300
13301
13305
13308
13311
13315
13319
13322
13328
13331
13332
13336
13339
13341
13344
13345
13346
13347
13350
13353
13355
13356
13358
13359
13360
13362
13363
13365
13368
13369
13370
13373
13374
13375
13376
13382
13398
13399
13402
13403
13404
13405
13408
13409
13410
13412
13413
13414
13418
13420
13421
13422
13423
13426
13429
13430
13434
13440
13442
13443
13444
13445
13446
13447
13448
13449
13451
13452
13453
13454
13455
13456
13457
13459
13461
13465
13466
13467
13468
13469
13475
13479
13483
13484
13485
13487
13488
13490
13491
13492
13493
13494
13503
13515
13516
13519
13520
13521
13523
13526
13529
13530
13535
13537
13541
13542
13547
13548
13549
13553
13554
13555
13556
13558
13559
13562
13566
13569
13571
13572
13573
13581
13582
13583
13585
13586
13587
13588
13589
13590
13591
13592
13594
13597
13605
13607
13610
13611
13613
13614
13615
13621
13622
13623
13625
13626
13628
13629
13631
13635
13636
13638
13644
13645
13646
13647
13648
13649
13650
13651
13652
13653
13655
13658
13659
13660
13661
13662
13663
13665
13667
13668
13669
13676
13677
13678
13679
13684
13687
13692
13693
13695
13698
13699
13701
13702
13703
13704
13705
13706
13707
13708
13709
13711
13712
13713
13714
13717
13718
13720
13722
13724
13727
13728
13729
13731
13733
13734
13736
13737
13739
13740
13741
13743
13746
13748
13749
13750
13752
13753
13754
13756
13757
13758
13761
13763
13764
13765
13766
13767
13769
13771
13772
13774
13776
13778
13779
13780
13781
13782
13784
13785
13788
13789
13790
13794
13795
13796
13797
13804
13805
13806
13807
13809
13811
13812
13814
13816
13819
13820
13821
13822
13826
13828
13829
13831
13832
13835
13836
13838
13839
13841
13846
13849
13850
13851
13852
13853
13855
13856
13857
13858
13859
13860
13862
13864
13865
13866
13867
13869
13870
13872
13873
13875
13881
13884
13891
13893
13895
13897
13908
13913
13914
13917
13919
13921
13924
13925
13931
13934
13936
13938
13939
13941
13942
13953
13954
13956
13958
13962
13965
13969
13971
13978
13979
13980
13982
13984
13987
13990
13993
13995
13996
14008
14009
14013
14015
14016
14019
14020
14022
14023
14024
14026
14029
14030
14031
14039
14040
14041
14042
14047
14049
14052
14053
14055
14056
14059
14062
14063
14066
14068
14069
14070
14077
14078
14080
14081
14082
14083
14085
14086
14089
14091
14097
14098
14101
14102
14117
14120
14125
14130
14134
14136
14137
14138
14147
14149
14152
14158
14160
14162
14168
14171
14174
14175
14180
14181
14183
14184
14185
14186
14188
14189
14190
14191
14192
14193
14194
14195
14196
14197
14198
14199
14212
14213
14219
14220
14222
14223
14231
14236
14237
14244
14247
14249
14250
14254
14256
14259
14260
14263
14264
14269
14270
14271
14275
14276
14278
14279
14280
14281
14290
14293
14295
14306
14308
14310
14311
14314
14317
14318
14320
14324
14328
14329
14334
14336
14337
14340
14342
14343
14344
14345
14346
14348
14354
14355
14360
14364
14366
14368
14370
14372
14373
14377
14378
14383
14385
14387
14388
14390
14391
14392
14395
14397
14399
14402
14404
14406
14410
14415
14416
14419
14422
14432
14436
14441
14444
14446
14447
14463
14464
14466
14470
14471
14474
14477
14494
14525
14541
14550
14582
14620
14623
14624
14643
14644
14645
14664
14665
14666
14673
14678
14680
14684
14685
14686
14687
14689
14693
14699
14703
14704
14707
14708
14718
14719
14721
14725
14726
14733
14735
14736
14737
14738
14742
14743
14744
14745
14749
14751
14753
14754
14757
14758
14759
14760
14764
14765
14767
14769
14770
14772
14773
14774
14775
14776
14778
14779
14780
14781
14783
14784
14786
14787
14791
14793
14795
14797
14798
14801
14802
14803
14804
14805
14806
14807
14809
14810
14811
14813
14815
14816
14817
14818
14819
14821
14822
14823
14824
14825
14829
14831
14832
14833
14837
14838
14839
14840
14841
14842
14843
14845
14847
14849
14851
14852
14853
14855
14856
14860
14862
14863
14866
14868
14869
14872
14873
14874
14877
14878
14879
14880
14881
14886
14887
14889
14890
14893
14895
14896
14897
14898
14899
14900
14903
14904
14905
14906
14907
14909
14910
14911
14912
14913
14914
14915
14919
14920
14923
14924
14930
14931
14932
14935
14936
14937
14938
14939
14940
14941
14944
14945
14948
14950
14951
14952
14953
14954
14955
14958
14959
14961
14962
14963
14966
14967
14969
14970
14971
14972
14973
14974
14975
14977
14981
14982
14983
14984
14986
14987
14988
14989
14990
14992
14993
14994
14995
14996
14998
14999
15000
15001
15005
15006
15007
15008
15009
15010
15011
15012
15014
15017
15018
15019
15020
15022
15027
15028
15029
15030
15031
15032
15034
15036
15037
15038
15040
15043
15044
15045
15046
15047
15048
15050
15065
15068
15072
15082
15085
15086
15106
15107
15109
15116
15117
15118
15119
15120
15121
15122
15124
15125
15127
15128
15129
15130
15138
15139
15140
15153
15154
15157
15158
15159
15160
15165
15177
15179
15180
15181
15182
15183
15184
15185
15186
15187
15188
15194
15195
15199
15200
15201
15207
15208
15209
15211
15212
15214
15215
15219
15222
15223
15226
15227
15232
15233
15234
15236
15237
15238
15239
15247
15249
15251
15254
15255
15256
15263
15264
15265
15272
15274
15275
15279
15284
15293
15326
15327
15330
15331
15335
15337
15339
15346
15353
15369
15373
15374
15375
15376
15377
15379
15381
15382
15385
15387
15388
15393
15394
15395
15396
15398
15401
15404
15423
15425
15428
15429
15431
15436
15445
15447
15448
15449
15451
15452
15454
15458
15464
15469
15471
15473
15483
15495
15506
15508
15509
15517
15520
15521
15527
15530
15531
15532
15537
15547
15548
15552
15556
15559
15561
15563
15564
15578
15582
15594
15596
15598
15599
15600
15605
15607
15608
15612
15614
15625
15636
15644
15649
15650
15654
15655
15667
15669
15672
15674
15676
15678
15680
15681
15683
15684
15686
15687
15700
15703
15705
15718
15719
15724
15725
15731
15734
15736
15744
15750
15754
15757
15759
15760
15761
15769
15779
15780
15781
15789
15801
15804
15805
15806
15807
15817
15818
15821
15827
15829
15830
15832
15837
15839
15842
15843
15848
15855
15857
15858
15859
15860
15870
15871
15873
15874
15877
15880
15882
15885
15891
15897
15903
15908
15910
15911
15919
15923
15932
15934
15945
15946
15950
15961
15969
15976
15977
15991
16023
16029
16034
16043
16052
16053
16055
16056
16057
16061
16071
16085
16086
16090
16099
16101
16104
16105
16107
16108
16110
16115
16116
16118
16127
16130
16136
16140
16151
16175
16179
16186
16203
16242
16249
16252
16265
16269
16271
16277
16283
16289
16293
16295
16298
16301
16303
16305
16312
16313
16314
16315
16316
16317
16318
16319
16321
16322
16324
16325
16326
16329
16330
16331
16332
16333
16340
16341
16343
16344
16345
16346
16347
16348
16349
16350
16351
16352
16353
16354
16355
16356
16358
16359
16361
16362
16363
16364
16366
16367
16368
16370
16371
16372
16373
16374
16378
16379
16380
16381
16382
16383
16384
16387
16388
16389
16390
16391
16392
16393
16394
16395
16396
16398
16399
16400
16401
16402
16403
16404
16405
16417
16424
16427
16431
16432
16435
16437
16438
16440
16454
16459
16463
16467
16472
16474
16479
16482
16484
16488
16489
16490
16492
16493
16499
16500
16501
16505
16510
16511
16512
16514
16517
16519
16528
16547
16548
16549
16550
16551
16554
16556
16561
16567
16568
16570
16571
16572
16573
16575
16586
16588
16594
16595
16598
16599
16600
16601
16604
16607
16609
16610
16616
16617
16618
16629
16630
16633
16634
16635
16640
16641
16650
16651
16655
16660
16668
16670
16671
16672
16674
16675
16677
16678
16679
16683
16689
16690
16691
16693
16695
16696
16697
16698
16699
16702
16703
16705
16706
16708
16711
16712
16715
16720
16722
16723
16727
16730
16734
16735
16736
16737
16739
16744
16746
16749
16751
16752
16753
16756
16757
16759
16766
16767
16768
16770
16771
16772
16773
16774
16776
16779
16783
16789
16790
16792
16796
16800
16809
16810
16811
16819
16823
16825
16827
16828
16829
16831
16835
16836
16838
16839
16840
16842
16843
16844
16845
16846
16847
16849
16850
16852
16857
16859
16860
16869
16871
16873
16874
16876
16879
16881
16882
16885
16886
16888
16889
16890
16899
16900
16906
16907
16908
16909
16911
16912
16913
16916
16920
16922
16925
16929
16930
16934
16939
16940
16944
16947
16950
16951
16952
16968
16970
16971
16972
16978
16983
16984
16991
16992
16993
16994
16995
17002
17006
17008
17015
17024
17026
17027
17028
17030
17032
17036
17039
17043
17046
17047
17049
17050
17051
17056
17057
17058
17059
17062
17063
17064
17067
17068
17069
17071
17082
17083
17084
17090
17093
17096
17097
17099
17101
17102
17103
17105
17106
17108
17110
17111
17113
17118
17121
17123
17126
17128
17129
17130
17131
17132
17135
17137
17140
17142
17144
17145
17146
17155
17156
17157
17158
17159
17160
17162
17163
17165
17166
17168
17173
17174
17177
17187
17189
17190
17197
17199
17201
17206
17212
17213
17215
17216
17217
17218
17220
17221
17223
17224
17227
17229
17230
17231
17234
17235
17236
17237
17238
17239
17240
17245
17251
17252
17253
17254
17255
17256
17262
17264
17268
17269
17272
17274
17276
17278
17281
17289
17290
17291
17292
17293
17294
17295
17296
17300
17301
17305
17309
17310
17311
17314
17317
17321
17322
17323
17324
17326
17327
17328
17330
17339
17343
17348
17349
17350
17353
17354
17355
17357
17362
17363
17366
17370
17372
17373
17375
17377
17378
17380
17386
17388
17390
17391
17392
17393
17394
17395
17399
17400
17407
17408
17409
17412
17413
17414
17416
17420
17423
17429
17430
17437
17445
17446
17447
17449
17456
17461
17464
17468
17477
17478
17479
17487
17493
17497
17503
17505
17510
17512
17514
17515
17522
17523
17526
17527
17531
17535
17541
17545
17546
17547
17548
17551
17552
17554
17559
17560
17562
17563
17564
17575
17576
17578
17580
17584
17585
17586
17589
17590
17595
17601
17607
17608
17611
17612
17614
17615
17616
17619
17620
17622
17623
17624
17625
17626
17628
17629
17630
17632
17641
17643
17648
17651
17653
17655
17656
17657
17660
17669
17670
17677
17678
17679
17680
17681
17682
17685
17690
17692
17693
17698
17702
17703
17705
17708
17711
17712
17713
17720
17722
17724
17725
17726
17727
17728
17730
17736
17738
17741
17746
17747
17748
17752
17755
17756
17757
17762
17766
17767
17774
17775
17778
17783
17784
17785
17786
17788
17793
17794
17795
17801
17803
17807
17808
17809
17810
17811
17812
17815
17816
17820
17821
17822
17823
17825
17828
17829
17832
17833
17834
17837
17842
17844
17845
17846
17847
17856
17858
17860
17864
17865
17870
17872
17874
17875
17880
17881
17886
17889
17891
17895
17896
17899
17900
17901
17912
17914
17915
17916
17917
17919
17920
17921
17925
17926
17931
17932
17933
17935
17937
17938
17939
17943
17946
17947
17948
17950
17953
17955
17959
17961
17963
17965
17968
17970
17972
17974
17982
17987
17988
17989
17991
17993
17994
17995
17999
18001
18002
18003
18012
18013
18016
18022
18024
18029
18031
18032
18037
18044
18047
18048
18049
18050
18061
18064
18065
18068
18069
18073
18077
18079
18080
18085
18088
18094
18095
18096
18102
18103
18104
18110
18114
18125
18129
18131
18132
18133
18134
18136
18137
18140
18142
18150
18151
18153
18154
18160
18163
18164
18172
18174
18176
18177
18180
18181
18190
18192
18194
18197
18198
18199
18204
18213
18216
18217
18220
18221
18224
18226
18227
18229
18230
18231
18232
18237
18238
18239
18243
18247
18250
18251
18265
18274
18277
18278
18281
18287
18292
18296
18299
18302
18307
18310
18316
18320
18324
18330
18331
18339
18342
18343
18344
18345
18347
18348
18349
18353
18358
18359
18370
18371
18372
18377
18385
18389
18392
18394
18396
18400
18401
18402
18405
18409
18410
18414
18416
18417
18420
18423
18429
18430
18431
18433
18437
18443
18444
18446
18449
18452
18453
18455
18457
18465
18466
18468
18473
18477
18478
18479
18480
18482
18484
18489
18493
18494
18498
18503
18504
18509
18515
18517
18518
18520
18521
18523
18524
18525
18532
18533
18534
18536
18537
18538
18539
18540
18543
18563
18564
18568
18569
18570
18574
18576
18581
18586
18588
18590
18592
18595
18596
18598
18601
18602
18603
18610
18611
18612
18613
18615
18619
18620
18634
18637
18638
18641
18642
18644
18645
18648
18654
18656
18657
18658
18662
18666
18673
18674
18675
18679
18680
18683
18684
18685
18687
18732
18735
18736
18749
18776
18777
18779
18782
18786
18789
18848
18873
18874
18875
18880
18881
18883
18891
18893
18895
18896
18899
18900
18903
18906
18914
18919
18926
18930
18931
18943
18944
18947
18951
18952
18955
18957
18958
18960
18961
18962
18967
18969
18972
18973
18974
18976
18977
18979
18980
18987
18991
18992
18993
18994
18997
18999
19001
19002
19003
19004
19008
19009
19013
19014
19015
19017
19021
19022
19023
19024
19026
19027
19028
19031
19033
19037
19040
19041
19043
19044
19046
19050
19051
19052
19053
19054
19059
19061
19062
19066
19069
19070
19071
19072
19074
19077
19080
19084
19085
19093
19094
19096
19097
19101
19102
19103
19104
19105
19106
19108
19109
19114
19116
19118
19119
19121
19122
19126
19127
19128
19131
19132
19138
19140
19141
19143
19144
19145
19147
19148
19150
19154
19158
19165
19168
19174
19175
19176
19177
19179
19180
19181
19186
19188
19190
19191
19193
19199
19202
19203
19205
19207
19211
19212
19220
19222
19226
19229
19232
19237
19239
19241
19248
19249
19250
19251
19252
19255
19258
19260
19261
19262
19267
19268
19273
19279
19280
19282
19288
19289
19293
19298
19305
19326
19328
19338
19339
19340
19361
19380
19391
19392
19393
19407
19408
19409
19416
19430
19435
19439
19440
19441
19445
19448
19451
19453
19458
19465
19469
19470
19475
19504
19507
19513
19516
19531
19539
19543
19551
19561
19564
19568
19573
19581
19595
19596
19598
19599
19601
19602
19604
19605
19607
19608
19612
19614
19616
19617
19618
19621
19624
19635
19638
19640
19644
19647
19650
19651
19652
19653
19657
19661
19663
19665
19667
19669
19674
19676
19678
19679
19684
19686
19687
19689
19693
19696
19699
19700
19701
19702
19703
19705
19706
19707
19709
19710
19712
19713
19714
19716
19719
19721
19726
19728
19729
19730
19731
19732
19733
19734
19735
19736
19738
19740
19742
19743
19744
19745
19747
19749
19751
19755
19764
19772
19773
19775
19776
19777
19783
19788
19791
19792
19793
19795
19796
19797
19802
19803
19807
19809
19810
19811
19812
19814
19815
19816
19822
19828
19833
19835
19837
19838
19839
19842
19844
19845
19846
19847
19848
19850
19851
19852
19853
19854
19855
19856
19857
19859
19860
19871
19874
19876
19878
19879
19880
19882
19884
19887
19888
19889
19890
19893
19894
19898
19902
19906
19907
19909
19910
19911
19913
19914
19915
19918
19921
19922
19925
19932
19934
19935
19936
19937
19943
19944
19945
19946
19947
19949
19950
19951
19956
19959
19963
19966
19968
19978
19979
19981
19982
19987
19991
19995
19996
19997
19998
19999
20000
20001
20003
20004
20007
20008
20010
20011
20012
20013
20021
20023
20024
20027
20028
20029
20030
20036
20038
20039
20040
20046
20049
20052
20053
20054
20055
20060
20061
20062
20064
20065
20067
20073
20074
20075
20077
20078
20079
20080
20081
20082
20085
20087
20091
20092
20094
20099
20101
20104
20105
20106
20111
20115
20116
20118
20121
20122
20124
20126
20127
20128
20129
20130
20131
20132
20133
20136
20137
20138
20142
20145
20147
20149
20152
20153
20155
20158
20159
20160
20162
20164
20168
20173
20174
20176
20177
20178
20181
20190
20197
20200
20201
20202
20204
20205
20208
20218
20219
20221
20223
20235
20242
20244
20251
20252
20253
20258
20261
20263
20266
20269
20271
20274
20284
20286
20288
20290
20292
20293
20294
20296
20301
20307
20309
20310
20314
20317
20323
20324
20335
20338
20339
20345
20349
20351
20352
20353
20354
20356
20360
20361
20362
20368
20377
20381
20382
20383
20387
20395
20397
20404
20405
20408
20411
20412
20414
20415
20417
20418
20420
20421
20423
20424
20426
20427
20429
20430
20432
20433
20444
20445
20447
20448
20449
20451
20453
20454
20456
20457
20459
20462
20463
20464
20465
20466
20467
20468
20469
20470
20471
20475
20476
20477
20478
20479
20481
20482
20483
20484
20486
20487
20488
20489
20490
20491
20492
20493
20494
20495
20496
20500
20501
20502
20505
20506
20508
20509
20510
20511
20512
20513
20515
20516
20517
20518
20519
20520
20521
20523
20524
20526
20527
20528
20532
20533
20534
20535
20536
20538
20541
20544
20545
20546
20547
20548
20551
20552
20553
20554
20555
20556
20557
20559
20560
20564
20565
20566
20567
20568
20574
20576
20578
20579
20580
20583
20584
20585
20586
20587
20589
20590
20592
20593
20594
20595
20596
20597
20601
20602
20604
20606
20610
20611
20612
20615
20616
20617
20618
20619
20620
20622
20623
20625
20626
20627
20629
20630
20631
20633
20636
20637
20638
20641
20643
20649
20650
20651
20654
20657
20658
20659
20660
20661
20662
20663
20666
20667
20668
20669
20671
20673
20674
20678
20679
20680
20681
20684
20688
20689
20690
20693
20696
20700
20702
20704
20705
20712
20714
20716
20717
20718
20719
20720
20721
20722
20726
20727
20729
20730
20731
20733
20734
20737
20739
20740
20741
20742
20743
20744
20745
20746
20747
20748
20749
20751
20752
20753
20754
20756
20757
20762
20763
20764
20765
20766
20767
20769
20771
20776
20777
20779
20780
20781
20782
20783
20784
20786
20787
20789
20790
20791
20792
20793
20794
20795
20796
20797
20798
20799
20800
20802
20803
20804
20805
20806
20807
20809
20810
20811
20814
20817
20818
20820
20821
20822
20826
20827
20830
20832
20833
20835
20836
20838
20839
20840
20841
20842
20843
20846
20847
20848
20849
20850
20851
20852
20853
20854
20855
20859
20863
20864
20865
20866
20867
20869
20870
20872
20873
20874
20877
20878
20879
20882
20884
20885
20886
20888
20889
20890
20891
20892
20893
20894
20895
20898
20900
20901
20903
20904
20905
20908
20909
20910
20911
20912
20913
20914
20915
20916
20917
20918
20919
20921
20922
20924
20926
20928
20929
20943
20948
20949
20951
20954
20959
20960
20962
20965
20972
20973
20985
20987
20994
20995
20998
20999
21000
21005
21007
21010
21011
21022
21030
21031
21032
21037
21039
21041
21046
21053
21054
21057
21058
21060
21062
21065
21067
21068
21069
21071
21072
21073
21081
21083
21088
21089
21090
21092
21097
21101
21102
21107
21109
21112
21117
21118
21119
21121
21124
21125
21128
21130
21134
21136
21137
21138
21168
21170
21176
21178
21179
21181
21182
21201
21205
21208
21209
21212
21216
21222
21228
21232
21233
21234
21245
21251
21254
21257
21258
21266
21271
21275
21285
21292
21298
21299
21300
21312
21313
21315
21319
21323
21327
21328
21335
21336
21344
21349
21352
21358
21360
21370
21372
21384
21388
21389
21390
21402
21404
21411
21414
21426
21429
21434
21443
21447
21449
21456
21457
21460
21462
21464
21465
21466
21467
21478
21480
21481
21493
21494
21497
21498
21499
21500
21509
21510
21519
21521
21528
21530
21532
21537
21541
21552
21553
21555
21575
21576
21577
21582
21583
21584
21585
21593
21596
21603
21606
21607
21608
21613
21615
21617
21624
21625
21626
21630
21631
21632
21647
21652
21654
21656
21660
21661
21663
21665
21670
21678
21680
21681
21683
21684
21685
21689
21692
21694
21696
21713
21714
21717
21718
21719
21722
21723
21726
21747
21761
21774
21777
21778
21793
21797
21798
21810
21813
21814
21827
21830
21838
21839
21850
21852
21861
21864
21865
21868
21869
21871
21873
21884
21887
21897
21899
21901
21907
21909
21912
21919
21925
21927
21935
21937
21940
21945
21946
21948
21949
21952
21953
21955
21956
21957
21958
21959
21965
21966
21968
21972
21978
21980
21981
21982
21985
21987
21988
21990
22008
22030
22034
22036
22037
22038
22039
22044
22063
22065
22068
22073
22081
22087
22089
22095
22099
22100
22101
22104
22105
22113
22114
22120
22123
22141
22142
22150
22151
22153
22154
22155
22156
22157
22158
22159
22160
22161
22172
22174
22175
22177
22179
22188
22198
22204
22208
22218
22219
22221
22227
22228
22230
22231
22234
22246
22247
22249
22250
22252
22253
22255
22257
22259
22260
22261
22264
22274
22275
22301
22310
22313
22314
22315
22325
22329
22330
22331
22333
22334
22335
22337
22338
22342
22344
22345
22346
22347
22348
22349
22352
22360
22361
22362
22363
22364
22370
22372
22375
22377
22381
22382
22383
22384
22396
22397
22400
22402
22404
22405
22409
22411
22415
22416
22419
22420
22428
22429
22431
22438
22441
22447
22454
22455
22463
22464
22470
22476
22477
22478
22508
22510
22514
22517
22519
22521
22524
22525
22528
22529
22530
22531
22533
22536
22543
22546
22547
22551
22552
22554
22556
22560
22561
22567
22572
22573
22575
22579
22581
22582
22591
22594
22596
22597
22606
22610
22612
22619
22629
22630
22638
22651
22655
22657
22661
22662
22663
22668
22672
22676
22678
22682
22690
22691
22692
22702
22703
22705
22709
22716
22720
22721
22727
22728
22729
22732
22739
22747
22748
22749
22769
22770
22772
22773
22774
22778
22782
22784
22789
22790
22795
22803
22804
22806
22809
22810
22812
22813
22814
22817
22820
22821
22827
22828
22829
22835
22837
22838
22842
22846
22858
22863
22868
22869
22871
22874
22877
22881
22883
22886
22889
22891
22892
22894
22914
22916
22917
22918
22923
22929
22930
22931
22935
22936
22939
22940
22945
22946
22947
22949
22955
22956
22957
22982
22984
22992
23001
23006
23010
23014
23017
23019
23021
23023
23027
23028
23031
23033
23036
23038
23042
23051
23058
23066
23067
23070
23081
23086
23089
23092
23095
23096
23097
23101
23102
23104
23105
23109
23110
23112
23115
23116
23117
23126
23127
23128
23129
23130
23140
23145
23151
23162
23166
23172
23193
23211
23213
23222
23232
23236
23239
23240
23241
23248
23250
23252
23256
23258
23262
23263
23264
23266
23267
23268
23269
23271
23275
23276
23283
23284
23292
23298
23299
23300
23308
23311
23315
23322
23331
23332
23333
23334
23338
23341
23348
23350
23351
23353
23354
23355
23356
23357
23358
23359
23360
23361
23363
23364
23369
23371
23375
23377
23379
23380
23381
23382
23383
23384
23385
23386
23391
23392
23394
23395
23396
23397
23398
23399
23401
23402
23405
23406
23409
23410
23411
23414
23415
23416
23417
23419
23420
23421
23422
23428
23429
23431
23432
23442
23446
23447
23453
23456
23458
23462
23463
23464
23468
23470
23471
23472
23482
23486
23493
23496
23502
23506
23507
23511
23512
23513
23516
23518
23519
23521
23526
23527
23530
23540
23545
23555
23557
23563
23564
23565
23568
23572
23575
23585
23588
23589
23590
23591
23595
23596
23602
23603
23604
23605
23606
23609
23610
23611
23612
23613
23614
23616
23625
23626
23627
23629
23634
23637
23638
23641
23644
23651
23652
23653
23655
23656
23657
23659
23660
23662
23663
23664
23665
23667
23670
23673
23676
23678
23682
23685
23686
23688
23690
23697
23700
23701
23710
23711
23723
23724
23725
23726
23734
23735
23742
23744
23748
23753
23756
23757
23758
23762
23767
23768
23772
23774
23775
23776
23777
23783
23784
23785
23786
23796
23800
23801
23809
23810
23811
23817
23818
23819
23822
23831
23834
23836
23838
23839
23842
23843
23845
23846
23852
23854
23866
23871
23875
23876
23877
23878
23880
23881
23883
23884
23886
23888
23891
23894
23900
23901
23902
23905
23907
23909
23914
23916
23917
23919
23921
23923
23925
23926
23927
23931
23936
23941
23942
23946
23947
23954
23961
23962
23968
23971
23973
23977
23980
23981
23982
23999
24005
24007
24011
24019
24020
24022
24024
24030
24031
24036
24040
24041
24042
24049
24053
24055
24057
24061
24062
24063
24070
24075
24080
24084
24092
24096
24097
24101
24103
24108
24117
24120
24134
24140
24141
24142
24143
24144
24146
24149
24152
24153
24154
24155
24158
24161
24168
24172
24178
24185
24186
24187
24200
24205
24206
24207
24209
24211
24220
24227
24228
24231
24232
24240
24244
24247
24249
24259
24265
24281
24282
24288
24297
24298
24300
24302
24304
24305
24329
24330
24333
24344
24345
24353
24354
24360
24361
24370
24374
24378
24381
24382
24394
24404
24405
24410
24411
24421
24422
24423
24425
24426
24430
24432
24435
24436
24437
24439
24442
24443
24451
24461
24463
24464
24469
24474
24476
24477
24478
24483
24489
24495
24501
24512
24518
24519
24520
24533
24537
24542
24544
24548
24559
24560
24567
24575
24578
24579
24583
24588
24593
24605
24609
24617
24618
24632
24633
24636
24638
24639
24640
24641
24642
24645
24646
24652
24653
24656
24657
24661
24673
24678
24679
24688
24689
24694
24697
24700
24718
24727
24732
24737
24739
24740
24741
24743
24745
24753
24756
24757
24761
24763
24767
24770
24771
24774
24784
24788
24789
24790
24795
24798
24801
24804
24805
24808
24809
24810
24811
24814
24815
24816
24824
24827
24828
24829
24830
24833
24834
24836
24840
24841
24845
24846
24847
24857
24858
24861
24862
24863
24866
24868
24872
24873
24874
24876
24878
24879
24884
24885
24886
24887
24888
24889
24890
24892
24894
24895
24896
24897
24898
24901
24902
24903
24905
24906
24907
24909
24910
24911
24913
24915
24916
24917
24918
24920
24923
24924
24925
24928
24934
24938
24943
24945
24949
24953
24954
24955
24957
24958
24959
24968
24970
24972
24980
24981
24982
24983
24984
24985
24990
24991
24992
24993
24994
24998
25001
25002
25006
25007
25008
25015
25017
25019
25020
25021
25022
25023
25025
25031
25032
25035
25036
25038
25042
25044
25045
25047
25055
25057
25060
25061
25062
25063
25066
25078
25079
25080
25081
25083
25086
25087
25090
25095
25100
25103
25106
25107
25110
25111
25112
25113
25114
25115
25117
25119
25124
25128
25132
25133
25134
25135
25136
25140
25141
25142
25148
25149
25150
25151
25152
25154
25160
25166
25167
25170
25171
25174
25175
25176
25177
25178
25179
25180
25181
25182
25185
25186
25191
25193
25194
25197
25198
25201
25204
25209
25212
25213
25217
25219
25227
25230
25235
25240
25241
25244
25246
25249
25250
25258
25269
25273
25274
25275
25280
25281
25283
25284
13481
13496
13501
13502
13503
13504
13505
13507
13508
13510
13511
13514
13516
13518
13524
13531
13533
13535
13540
13545
13546
13565
13569
13577
13579
13600
13604
13609
13611
13612
13614
13619
13620
13621
13627
13631
13632
13645
13654
13655
13657
13659
13664
13665
13668
13669
13671
13681
13682
13683
13684
13687
13697
13699
13700
13703
13704
13705
13707
13711
13724
13725
13727
13728
13732
13733
13744
13749
13750
13751
13753
13754
13757
13759
13765
13766
13789
13793
13801
13806
13809
13813
13817
13819
13820
13821
13824
13830
13834
13843
13844
13847
13848
13850
13857
13860
13862
13863
13873
13874
13879
13880
13882
13888
13890
13891
13893
13894
13895
13897
13900
13904
13907
13908
13912
13913
13916
13923
13924
13933
13939
13940
13941
13942
13947
13948
13956
13959
13961
13963
13966
13969
13971
13974
13980
13988
13989
13990
13994
13995
13996
13998
14000
14001
14010
14011
14013
14015
14020
14021
14022
14025
14030
14032
14037
14038
14040
14041
14043
14044
14046
14048
14054
14057
14059
14061
14062
14067
14068
14070
14072
14073
14075
14078
14083
14086
14087
14089
14090
14091
14092
14093
14098
14099
14101
14104
14105
14108
14109
14110
14111
14114
14116
14119
14120
14121
14122
14127
14128
14132
14135
14141
14142
14151
14153
14158
14159
14166
14167
14172
14173
14177
14189
14190
14192
14194
14196
14197
14198
14200
14201
14207
14209
14210
14219
14227
14228
14229
14230
14231
14233
14236
14239
14242
14243
14244
14245
14246
14251
14258
14259
14261
14265
14266
14268
14269
14270
14272
14273
14275
14279
14281
14284
14286
14287
14290
14291
14297
14298
14301
14310
14311
14312
14313
14316
14317
14318
14319
14320
14330
14331
14332
14333
14335
14337
14341
14342
14348
14351
14352
14355
14358
14360
14362
14363
14370
14374
14377
14379