13200
13203
13204
13210
13212
13224
13227
13236
13238
13243
13245
13249
13256
13305
13306
13308
13309
13310
13313
13314
13316
13317
13318
13319
13320
13321
13322
13323
13324
13325
13326
13327
13328
13330
13332
13333
13335
13338
13340
13344
13345
13346
13347
13348
13349
13350
13351
13353
13354
13355
13356
13357
13358
13359
13360
13361
13362
13364
13365
13366
13367
13368
13369
13370
13371
13373
13374
13376
13378
13379
13380
13381
13382
13383
13384
13385
13386
13389
13390
13391
13392
13394
13395
13396
13397
13398
13400
13403
13406
13407
13408
13409
13410
13412
13413
13414
13415
13416
13420
13421
13422
13423
13424
13426
13427
13428
13429
13430
13432
13433
13435
13436
13439
13442
13443
13444
13445
13447
13448
13449
13451
13452
13453
13454
13456
13457
13460
13462
13463
13464
13465
13466
13467
13469
13471
13472
13473
13474
13475
13476
13477
13478
13479
13480
13483
13484
13485
13486
13487
13489
13490
13492
13493
13494
13495
13496
13497
13498
13500
13501
13502
13503
13504
13505
13506
13507
13508
13509
13510
13511
13512
13513
13514
13515
13518
13520
13521
13523
13524
13526
13527
13528
13530
13531
13536
13538
13539
13540
13541
13542
13543
13544
13545
13546
13547
13548
13549
13550
13551
13552
13553
13554
13557
13560
13561
13565
13568
13569
13571
13572
13573
13575
13576
13577
13579
13580
13581
13582
13584
13585
13586
13587
13589
13590
13591
13592
13593
13594
13596
13597
13598
13599
13600
13601
13604
13605
13606
13607
13608
13609
13610
13611
13613
13616
13617
13618
13620
13621
13624
13625
13626
13628
13629
13631
13634
13635
13639
13640
13641
13642
13644
13645
13653
13654
13655
13656
13662
13664
13668
13669
13670
13671
13672
13674
13675
13676
13678
13679
13680
13682
13684
13687
13689
13693
13694
13695
13696
13697
13699
13700
13703
13704
13705
13706
13709
13710
13713
13714
13715
13716
13718
13720
13725
13726
13727
13728
13729
13731
13732
13733
13734
13737
13738
13739
13740
13741
13743
13745
13746
13748
13750
13751
13752
13753
13754
13756
13757
13759
13760
13761
13762
13763
13764
13765
13767
13768
13769
13770
13771
13774
13775
13777
13778
13779
13782
13783
13784
13785
13786
13787
13788
13789
13792
13794
13795
13796
13797
13798
13799
13800
13802
13805
13807
13809
13810
13811
13812
13813
13814
13815
13816
13817
13818
13819
13820
13822
13824
13825
13826
13827
13828
13829
13830
13832
13834
13835
13838
13839
13840
13841
13842
13843
13844
13846
13847
13848
13850
13851
13854
13855
13857
13858
13860
13861
13863
13864
13865
13866
13868
13869
13870
13874
13876
13877
13878
13879
13880
13881
13883
13886
13887
13889
13890
13891
13895
13897
13898
13899
13900
13901
13905
13907
13908
13909
13910
13911
13913
13917
13919
13921
13922
13924
13925
13926
13927
13928
13929
13930
13935
13936
13937
13938
13939
13940
13941
13942
13943
13944
13949
13950
13951
13953
13954
13955
13956
13957
13958
13959
13961
13962
13963
13964
13965
13967
13968
13969
13970
13971
13972
13973
13974
13975
13976
13977
13978
13984
13985
13986
13987
13988
13989
13990
13991
13994
13995
13998
13999
14001
14002
14003
14004
14005
14006
14007
14008
14009
14010
14011
14012
14013
14014
14015
14016
14017
14021
14023
14024
14028
14030
14031
14032
14033
14034
14035
14037
14038
14040
14042
14043
14044
14045
14048
14049
14050
14052
14053
14054
14055
14056
14057
14058
14059
14060
14061
14062
14064
14065
14066
14067
14069
14070
14071
14072
14075
14076
14077
14078
14081
14082
14083
14084
14085
14086
14087
14088
14091
14092
14093
14094
14095
14097
14098
14099
14100
14101
14107
14108
14109
14111
14112
14113
14114
14118
14119
14123
14124
14125
14126
14128
14129
14130
14131
14132
14134
14136
14137
14138
14139
14140
14141
14142
14143
14144
14145
14146
14148
14151
14152
14153
14155
14157
14158
14159
14160
14161
14163
14164
14165
14166
14167
14169
14170
14171
14172
14173
14174
14175
14177
14178
14179
14180
14181
14182
14183
14186
14194
14196
14197
14198
14199
14200
14201
14202
14203
14204
14207
14208
14209
14210
14211
14212
14213
14214
14216
14217
14219
14221
14222
14224
14225
14226
14227
14229
14230
14231
14233
14234
14235
14236
14237
14240
14241
14242
14244
14245
14247
14248
14249
14250
14251
14252
14253
14254
14257
14258
14259
14260
14261
14262
14263
14264
14266
14267
14269
14270
14271
14272
14277
14278
14279
14280
14281
14282
14283
14286
14287
14288
14292
14295
14296
14297
14300
14303
14304
14305
14306
14308
14316
14317
14318
14319
14326
14334
14337
14338
14341
14346
14357
14361
14363
14366
14370
14371
14372
14375
14376
14377
14380
14381
14390
14393
14396
14399
14400
14402
14403
14404
14406
14412
14420
14432
14436
14441
14443
14444
14446
14449
14454
14457
14461
14462
14464
14466
14467
14469
14471
14475
14478
14479
14483
14486
14495
14496
14499
14500
14501
14502
14505
14509
14511
14514
14520
14521
14522
14524
14528
14530
14531
14532
14533
14536
14537
14538
14539
14543
14544
14550
14551
14552
14553
14554
14557
14558
14559
14561
14562
14564
14570
14571
14572
14575
14577
14579
14585
14588
14591
14592
14595
14600
14601
14604
14606
14608
14612
14613
14614
14616
14617
14624
14626
14627
14629
14630
14631
14636
14640
14641
14642
14643
14645
14646
14647
14648
14649
14650
14651
14653
14654
14656
14658
14659
14662
14663
14665
14666
14667
14668
14669
14673
14674
14675
14676
14677
14678
14679
14680
14682
14683
14684
14685
14686
14689
14690
14691
14692
14694
14697
14698
14702
14703
14706
14707
14708
14709
14713
14714
14715
14716
14718
14721
14723
14724
14727
14728
14729
14730
14731
14734
14737
14738
14739
14740
14741
14744
14745
14747
14748
14749
14752
14756
14757
14759
14761
14762
14764
14765
14766
14770
14773
14776
14777
14778
14780
14784
14785
14788
14789
14794
14795
14796
14797
14798
14799
14800
14802
14803
14804
14805
14809
14811
14812
14813
14815
14816
14817
14819
14820
14822
14823
14824
14825
14827
14828
14829
14830
14831
14834
14835
14837
14839
14840
14841
14842
14845
14848
14850
14851
14857
14860
14861
14862
14863
14865
14866
14871
14872
14873
14877
14880
14881
14882
14883
14885
14886
14887
14891
14892
14893
14895
14896
14899
14904
14905
14906
14908
14909
14911
14912
14913
14914
14915
14916
14917
14918
14922
14925
14926
14928
14931
14932
14936
14939
14940
14942
14944
14945
14946
14949
14950
14951
14952
14956
14958
14959
14960
14966
14971
14974
14975
14976
14979
14980
14982
14984
14986
14997
14998
15000
15002
15003
15005
15007
15011
15012
15015
15018
15022
15023
15025
15026
15027
15037
15038
15039
15040
15042
15044
15045
15046
15047
15052
15053
15054
15055
15057
15058
15059
15060
15061
15062
15063
15064
15065
15069
15070
15071
15072
15080
15088
15092
15093
15095
15096
15098
15100
15102
15103
15104
15106
15107
15111
15112
15113
15114
15116
15120
15123
15127
15131
15137
15138
15142
15143
15144
15145
15146
15148
15149
15151
15152
15156
15157
15162
15163
15166
15169
15170
15180
15181
15185
15186
15191
15200
15201
15209
15214
15217
15219
15220
15221
15224
15227
15228
15229
15233
15239
15240
15243
15244
15245
15247
15251
15257
15259
15263
15265
15266
15270
15271
15275
15279
15281
15282
15285
15287
15289
15295
15297
15299
15301
15303
15306
15307
15309
15316
15317
15318
15320
15321
15324
15325
15327
15328
15330
15332
15333
15338
15339
15340
15341
15350
15352
15357
15361
15371
15392
15402
15403
15406
15412
15413
15425
15426
15430
15431
15434
15435
15436
15449
15461
15468
15471
15472
15474
15478
15487
15495
15497
15528
15535
15538
15541
15543
15544
15563
15568
15572
15575
15576
15578
15579
15586
15589
15599
15610
15621
15637
15656
15657
15661
15662
15666
15668
15673
15680
15681
15683
15685
15687
15688
15692
15693
15694
15696
15707
15708
15709
15710
15717
15718
15722
15723
15732
15734
15735
15736
15738
15742
15743
15744
15746
15747
15748
15749
15751
15752
15753
15754
15755
15758
15759
15760
15762
15765
15767
15768
15769
15770
15771
15772
15774
15775
15776
15781
15783
15784
15785
15786
15787
15788
15790
15791
15793
15794
15795
15796
15798
15800
15805
15812
15813
15814
15820
15822
15830
15833
15836
15839
15849
15861
15884
15901
15939
15962
15971
15972
15983
15999
16000
16007
16016
16024
16079
16102
16103
16109
16132
16134
16157
16180
16184
16199
16200
16205
16222
16230
16233
16235
16259
16267
16276
16286
16287
16291
16295
16306
16317
16321
16338
16339
16354
16356
16370
16371
16388
16389
16391
16392
16394
16398
16399
16401
16402
16404
16405
16409
16425
16431
16432
16434
16448
16451
16463
16464
16469
16470
16472
16473
16474
16475
16479
16480
16481
16486
16489
16490
16492
16493
16494
16498
16500
16502
16503
16507
16509
16512
16516
16520
16533
16535
16538
16540
16541
16542
16543
16544
16548
16549
16552
16557
16560
16564
16565
16568
16571
16573
16574
16577
16578
16579
16580
16581
16582
16584
16590
16591
16596
16606
16612
16615
16616
16617
16620
16626
16631
16638
16641
16642
16649
16654
16655
16656
16661
16663
16664
16671
16676
16677
16681
16682
16683
16684
16685
16687
16689
16691
16692
16693
16695
16699
16703
16709
16711
16714
16715
16716
16717
16719
16720
16721
16722
16725
16726
16728
16731
16732
16736
16738
16740
16744
16751
16752
16753
16756
16757
16758
16760
16764
16777
16778
16779
16783
16785
16793
16802
16804
16811
16812
16815
16816
16820
16821
16835
16839
16842
16843
16846
16852
16853
16854
16855
16860
16862
16866
16867
16878
16879
16883
16884
16885
16887
16888
16890
16899
16900
16903
16904
16907
16910
16911
16915
16916
16919
16920
16924
16925
16926
16928
16929
16934
16941
16942
16945
16946
16951
16952
16953
16954
16956
16963
16965
16967
16968
16969
16972
16973
16979
16981
16984
16993
16994
16999
17002
17004
17006
17009
17010
17016
17017
17023
17025
17028
17029
17030
17031
17033
17034
17037
17038
17039
17040
17043
17046
17047
17055
17056
17060
17062
17067
17068
17075
17076
17077
17078
17080
17086
17087
17088
17090
17110
17122
17123
17124
17127
17130
17131
17134
17135
17136
17145
17148
17149
17155
17156
17157
17166
17181
17191
17215
17230
17233
17236
17241
17246
17247
17249
17253
17254
17256
17257
17258
17259
17264
17266
17273
17278
17279
17280
17281
17287
17289
17292
17298
17299
17300
17302
17305
17306
17307
17311
17315
17316
17324
17333
17335
17338
17349
17355
17360
17365
17368
17374
17380
17381
17395
17403
17407
17408
17415
17416
17417
17420
17425
17427
17435
17437
17439
17450
17452
17454
17457
17458
17465
17469
17484
17488
17496
17503
17510
17513
17514
17518
17529
17531
17532
17537
17538
17544
17545
17546
17547
17549
17551
17556
17560
17564
17572
17576
17580
17581
17583
17587
17588
17606
17614
17615
17616
17624
17626
17634
17639
17641
17652
17662
17670
17677
17688
17694
17699
17707
17713
17717
17721
17727
17731
17732
17738
17739
17740
17741
17745
17746
17747
17751
17752
17763
17766
17771
17774
17781
17782
17786
17787
17789
17790
17793
17796
17797
17798
17803
17804
17806
17812
17813
17816
17819
17822
17823
17824
17828
17832
17836
17839
17842
17844
17845
17848
17852
17853
17854
17861
17868
17870
17871
17875
17876
17879
17880
17881
17886
17890