12244
12253
12269
12273
12279
12292
12293
12298
12300
12308
12309
12310
12311
12325
12326
12333
12334
12338
12341
12345
12372
12379
12383
12397
12420
12425
12433
12438
12439
12453
12456
12462
12463
12468
12469
12475
12476
12477
12479
12494
12495
12498
12514
12517
12519
12520
12528
12534
12536
12539
12540
12541
12542
12545
12563
12568
12580
12584
12594
12603
12607
12608
12624
12632
12633
12634
12645
12652
12654
12660
12665
12666
12667
12681
12686
12687
12695
12696
12697
12708
12710
12711
12713
12719
12748
12759
12768
12770
12773
12779
12780
12783
12786
12802
12806
12808
12812
12819
12821
12825
12826
12828
12833
12834
12835
12843
12848
12850
12851
12863
12864
12875
12880
12881
12884
12888
12893
12897
12898
12899
12903
12906
12909
12911
12912
12916
12930
12933
12938
12939
12941
12942
12949
12955
12958
12959
12963
12966
12969
12981
12982
12984
12998
12999
13002
13006
13007
13009
13014
13017
13018
13021
13023
13025
13026
13027
13028
13029
13030
13032
13034