347
362
546
567
569
575
596
633
1161
1194
1201
1224
1265
1309
1311
1340
1464
1470
1497
1501
1508
1512
1527
1552
1570
1667
1702
1731
1736
1761
1767
1786
1838
1862
1868
1877
1894
1902
1916
1944
1976
2027
2034
2076
2078
2086
2135
2162
2200
2209
2215
2220
2228
819
852
916
919
956
1035
1043
1059
1064
1069
1076
1106
1114
1202
1205
1312
1313
1323
1340
1341
1346
1355
1356
1361
1425
1469
1477
1481
1488
1489
1500
1504
1536
1615
1622
708
729
731
767
798
967
986
987
1020
1026
1048
1190
1206
1209
1235
1251
1257
437
463
468
471
513
525
548
565
612
618
632
660
501
510
520
580
624
635
639
641
656
664
666
683
687
710
716
717
718
723
726
727
743
744
768
775
788
791
794
808
828
829
832
833
857
882
887
1584
1617
2083
2118
2119
2123
2146
2174
2248
2254
2264
2297
2311
2343
2345
2352
2353
2356
2376
2383
2450
2535
2540
2541
2559
2561
2562
2571
2579
2586
2597
2602
2610
2617
2618
2630
2647
2657
2664
2673
2683
2711
2719
2726
2759
2773
2776
2785
2786
2792
2810
2818
2829
2838
2840
2856
2857
2981
2989
3025
3051
3077
3086
716
718
722
745
748
774
834
843
875
890
891
892
895
903
911
928
937
938
983
996
1093
1130
1195
1196
1228
1244
1246
1247
1255
1274
1302
1331
1360
1386