600
609
639
642
643
646
654
655
656
658
661
662
663
688
690
740
820
902
946
948
1018
1088
269
296
302
312
314
325
361
382
455
458
524
528
1156
1171
1181
1184
1191
1202
1209
1210
1213
1246
1305
1313
1438
2121
422
439
443
464
476
493
495
810
819
820
821
822
825
920
924
931
969
1017
1030
1040
1041
1042
1122
1158
1170
1185
1245
1256
1287
1351
1366
1403
1424
1446
1466
1467
1533
1536
1618
1627
1641
1678
1688
1698
1709
1713
1733
1737
1760
1770
1784
1790
2199
2226
2228
2230
2234
2240
132
188
190
201
204
208
221
225
229