7727
7752
7762
7776
7777
7786
7792
7811
7827
7833
7834
7835
7837
7838
7840
7843
7846
7847
7853
7858
7868
7869
7881
7882
7883
7903
7904
7907
7931
7934
7936
7937
7943
7954
7960
7962
7967
7970
7971
7976
7980
7981
7983
7987
7995
8002
8003
8016
8020
8024
8028
8029
8041
8044
8045
8056
8058
8060
8066
8067
8069
8071
8089
8093
8095
8096
8102
8115
8116
8121
8124
8126
8133
8134
8135
8141
8150
8154
8155
8158
8162
8164
8169
8171
8172
8173
8174
8177
8187
8214
8227
8230
8267
8269
8270
8272
8315
8318
8319
8322
8345
8362
8682
8685
8694
8697
8708
8720
8721
8734
8735
8748
8754
8756
8757
8763
8765
8788
8789
8796
8827
8829
8838
8841
8846
8849
8861
8862
8864
8866
8867
8869
8870
8871
8876
8878
8882
8885
8886
8895
8906
8907
8909
8912
8914
8918
8920
8935
8943
8944
8949
8950
8951
8953
8954
8959
8966
8968
8982
8984
8986
8988
8992
9001
9008
9029
9032
9038
9053
9058
9062
9064
9065
9068
9079
9080
9084
9086
9087
9091
9099
9113
9128
9155
9159
9169
9172
9176
9177
9182
9197
9198
9199
9204
9209
9227
9230
9231
9239
9248
9249
9252
9256
9260
9263
9272
9274
9275
9279
9280
9281
9282
9289
9297
9298
9309
9313
9320
9325
9357
9434
9440
9449
9452
9453
9454
9455
9457
9459
9461
9462
9463
9464
9468
9471
9472
9480
9481
9482
9487
9488
9499
9502
9503
9510
9516
9517
9518
9522
9523
9526
9529
9533
9534
9540
9548
9549
9552
9553
9557
9558
9564
9567
9570
9575
9577
9579
9580
9584
9586
9588
9590
9591
9592
9594
9597
9601
9653
9655
9657
9658
9659
9662
9666
9667
9668
9669
9670
9674
9676
9677
9678
9687
9694
9695
9703
9709
9717
9720
9721
9732
9733
9734
9736
9755
9759
9763
9765
9767
9781
9792
9806
9809
9815
9819
9820
9824
9832
9836
9841
9842
9851
9856
9866
9870
9883
9884
9885
9886
9889
9891
9895
9896
9903
9918
9919
9921
9922
9928
9931
9932
9935
9937
9943
9946
9947
9951
9953
9955
9987
10015
10023
10025
10040
10047
10049
10054
10057
10065
10070
10072
10073
10076
10078
10081
10085
10087
10089
10091
10101
10102
10103
10109
10114
10118
10121
10122
10125
10142
10145
10197
10279
10282
10283
10296
10310
10311
10327
10328
10329
10330
10332
10336
10337
10339
10341
10342
10345
10348
10349
10350
10351
10352
10354
10355
10356
10357
10359
10360
10361
10362
10363
10364
10367
10395
10449
10451
10452
10453
10454
10455
10460
10463
10465
10466
10467
10469
10471
10473
10476
10479
10483
10485
10486
10487
10490
10491
10494
10496
10498
10500
10503
10505
10506
10520
10526
10532
10533
10534
10536
10541
10545
10547
10552
10554
10560
10563
10571
10575
10577
10578
10594
10595
10603
10606
10607
10611
10612
10613
10624
10629
10630
10641
10642
10646
10648
10650
10653
10655
10661
10677
10678
10690
10698
10708
10715
10716
10746
10751
10754
10768
10769
10779
10785
10792
10796
10803
10805
10806
10807
10809
10810
10811
10812
10813
10816
10817
10828
10830
10831
10837
10839
10842
10848
10850
10851
10890
10892
10893
10894
10895
10898
10903
10915
10916
10918
10919
10922
10923
10924
10928
10929
10931
10940
10949
10962
10965
10988
10994
10995
11000
11001
11002
11004
11005
11006
11007
11008
11009
11012
11017
11020
11023
11026
11047
11057
11059
11063
11065
11092
11123
11128
11166
11172
11205
11214
11218
11263
11270
11279
11293
11301
11303
11304
11307
11312
11315
11316
11321
11332
11344
11347
11351
11353
11354
11355
11367
11380
11383
11384
11385
11403
11407
11410
11418
11428
11429
11436
11438
11448
11455
11460
11461
11462
11463
11464
11465
11467
11468
11469
11470
11471
11472
11477
11479
11480
11488
11492
11493
11498
11502
11505
11508
11512
11513
11514
11517
11525
11526
11527
11528
11530
11533
11540
11558
11560
11568
11569
11578
11580
11582
11584
11585
11588
11589
11591
11592
11602
11603
11605
11619
11620
11621
11622
11624
11625
11628
11637
11666
11667
11669
11670
11671
11677
11681
11691
11692
11694
11704
11705
11711
11718
11727
11728
11729
11732
11733
11739
11740
11741
11743
11744
11760
11764
11768
11776
11785
11794
11798
11801
11803
11816
11822
11829
11831
11833
11835
11838
11840
11843
11846
11847
11850
11852
11854
11856
11860
11863
11864
11866
11872
11873
11875
11878
11881
11882
11885
11886
11887
11889
11890
11895
11898
11899
11900
11902
11903
11905
11906
11907
11908
11909
11912
11913
11917
11924
11929
11930
11941
11962
11963
11965
11969
11972
11976
11977
11994
11995
11996
11998
11999
12004
12005
12006
12007
12008
12009
12013
12036
12053
12055
12059
12060
12073
12074
12083
12087
12098
12108
12117
12118
12120
12123
12127
12142
12160
12165
12173
12180
12181
12182
12183
12185
12190
12198
12201
12208
12209
12210
12224
12236
12238
12239
12245
12248
12253
12263
12264
12266
12270
12276
12279
12299
12308
12310
12318
12325
12326
12329
12333
12455
12485
12492
12523
12547
12549
12607
12608
12617
12635
12636
12640
12659
12667
12757
12758
12765
12766
12772
12773
12774
12776
12777
12778
12779
12781
12783
12784
12787
12789
12790
12791
12792
12793
12801
12807
12811
12814
12815
12818
12819
12824
12825
12833
12835
12838
12842
12843
12844
12845
12854
12855
12865
12897
12901
12904
12907
12908
12912
12916
12922
12923
12925
12929
12934
12948
12953
12954
12955
12968
12971
12977
12984
12987
12989
12991
12993
12994
12996
13004
13006
13014
13015
13019
13021
13024
13028
13032
13036
13037
13040
13042
13043
13051
13052
13058
13064
13065
13066
13067
13100
13109
13116
13119
13121
13124
13125
13130
13131
13135
13142
13145
13149
13151
13152
13153
13154
13155
13160
13162
13163
13173
13182
13189
13194
13196
13198
13199
13201
13202
13211
13226
13227
13228
13229
13234
13238
13244
13246
13247
13249
13251
13256
13267
13274
13281
13282
13283
13285
13287
13305
13307
13317
13327
13328
13331
13332
13334
13335
13340
13341
13346
13349
13350
13351
13353
13357
13358
13361
13362
13363
13367
13368
13369
13371
13372
13373
13376
13379
13383
13384
13386
13390
13397
13398
13403
13408
13413
13415
13419
13430
13434
13444
13448
13453
13457
13459
13462
13465
13469
13472
13473
13476
13490
13491
13499
13508
13509
13512
13514
13515
13516
13518
13520
13521
13523
13524
13530
13531
13535
13536
13538
13539
13543
13544
13545
13546
13552
13555
13556
13557
13558
13559
13560
13565
13566
13568
13575
13576
13578
13579
13580
13581
13582
13583
13584
13589
13591
13592
13593
13594
13596
13597
13600
13601
13602
13605
13608
13609
13610
13613
13614
13622
13624
13625
13626
13627
13629
13630
13631
13632
13633
13634
13637
13641
13642
13643
13644
13647
13648
13649
13655
13656
13659
13662
13665
13666
13668
13669
13671
13672
13673
13674
13684
13686
13687
13692
13694
13695
13697
13698
13702
13704
13707
13712
13714
13716
13722
13732
13735
13741
13753
13757
13758
13760
13764
13767
13771
13772
13775
13786
13806
13810
13813
13818
13821
13822
13823
13829
13839
13840
13841
13844
13846
13848
13849
13851
13852
13856
13858
13860
13862
13863
13866
13872
13885
13892
13898
13904
13907
13909
13912
13916
13919
13927
13936
13937
13939
13941
13956
13957
14020
14040
14050
14053
14054
14055
14056
14057
14059
14060
14062
14393
14757
14761
14781
14791
14793
14794
14796
14812
14825
14827
14832
14833
14834
14844
14847
14850
14852
14855
14925
14928
14935
14936
14937
14949
14954
14967
14974
14983
14994
15005
15013
15018
15040
15079
15207
15228
15250
8709
8712
8713
8715
8717
8726
8728
8729
8733
8735
8737
8741
8743
8747
8748
8754
8764
8768
8769
8773
8774
8777
8778
8779
8783
8784
8785
8791
8792
8793
8806
8807
8808
8812
8821
8823
8830
8834
8835
8836
8840
8852
8854
8856
8858
8861
8862
8863
8864
8865
8866
8867
8868
8869
8873
8907
8914
8947
8954
8960
8970
8971
8988
8989
8991
8994
8999
9008
9009
9017
9032
9054
9068
9069
9091
9283
9284
9289
9292
9303
9304
9306
9316
9322
9324
9325
9326
9327
9330
9332
9333
9344
9345
9346
9347
9349
9351
9358
9362
9364
9365
9367
9368
9369
9370
9374
9380
9381
9384
9385
9386
9390
9391
9403
9431
9432
9433
9434
9435
9458
9461
9471
9474
9476
9504
9506
9510
9518
9524
9525
9531
9534
9547
9551
9557
9562
9563
9584
9586
9594
9595
9598
9604
9607
9614
9617
9621
9622
9787
9788
9799
9812
9815
9817
9825
9826
9834
9837
9838
9845
9847
9851
9853
9855
9857
9859
9862
9863
9864
9867
9870
9932
9939
9940
9944
9953
9971
9980
9981
9984
9986
10007
10011
10024
10026
10033
10036
10040
10043
10044
10046
10050
10052
10053
10063
10065
10069
10070
10074
10075
10079
10084
10085
10087
10112
10119
10158
10161
10164
10166
10167
10170
10171
10179
10188
10189
10191
10199
10200
10204
10205
10209
10210
10212
10214
10215
10216
10217
10221
10222
10223
10224
10227
10228
10229
10231
10232
10233
10234
10235
10236
10237
10238
10239
10240
10241
10243
10245
10247
10248
10249
10251
10252
10253
10254
10257
10260
10261
10262
10263
10264
10265
10266
10270
10271
10272
10278
10281
10282
10286
10288
10289
10290
10291
10292
10293
10294
10295
10296
10301
10302
10303
10305
10307
10308
10309
10311
10315
10320
10321
10328
10329
10330
10332
10333
10335
10341
10342
10344
10345
10346
10348
10349
10350
10351
10354
10355
10356
10359
10361
10362
10363
10364
10365
10373
10374
10375
10376
10377
10378
10382
10383
10384
10385
10386
10387
10392
10393
10394
10395
10396
10400
10402
10403
10404
10406
10407
10410
10413
10414
10418
10419
10420
10425
10427
10428
10429
10431
10432
10433
10435
10443
10444
10449
10450
10452
10454
10457
10472
10475
10476
10477
10478
10485
10486
10492
10494
10501
10504
10507
10509
10510
10513
10520
10523
10528
10531
10532
10533
10537
10540
10541
10543
10544
10547
10549
10550
10551
10556
10557
10558
10561
10563
10564
10567
10568
10569
10570
10575
10577
10579
10581
10582
10586
10589
10590
10591
10596
10611
10612
10618
10619
10620
10622
10623
10624
10625
10627
10630
10635
10636
10643
10644
10646
10648
10649
10652
10656
10659
10660
10661
10669
10670
10677
10685
10689
10691
10692
10694
10695
10697
10709
10719
10720
10721
10723
10724
10728
10729
10732
10737
10762
10767
10773
10788
10792
10793
10797
10804
10808
10816
10822
10825
10826
10827
10838
10839
10841
10842
10848
10851
10861
10866
10873
10874
10875
10876
10877
10884
10890
10891
10896
10897
10911
10913
10914
10920
10925
10927
10929
10933
10935
10936
10937
10939
10942
10951
10954
10956
10957
10960
10961
10966
10968
10973
10977
11013
11014
11020
11024
11033
11039
11042
11043
11044
11045
11046
11051
11053
11061
11080
11085
11086
11091
11092
11094
11100
11104
11105
11106
11107
11108
11112
11115
11121
11125
11153
11186
11187
11189
11190
11191
11192
11196
11198
11209
11227
11233
11255
11283
11300
11301
11304
11305
11306
11307
11308
11310
11313
11314
11315
11316
11317
11318
11319
11320
11324
11325
11326
11327
11328
11329
11330
11333
11337
11341
11342
11343
11398
11405
11454
11455
11459
11466
11468
11470
11473
11478
11479
11496
11514
11515
11537
11600
11606
11608
11609
11610
11611
11612
11619
11620
11621
11622
11624
11627
11632
11636
11639
11644
11645
11646
11647
11649
11650
11651
11655
11663
11664
11672
11673
11675
11676
11677
11685
11741
11787
11791
11793
11813
11819
11823
11832
11834
11858
11860
11863
11866
11869
11880
11883
11884
11891
11900
11901
11902
11903
11909
11911
11912
11923
11924
11929
11938
11940
11941
11943
11945
11946
11948
11953
11954
11961
11962
11975
11981
11984
11987
11989
12012
12013
12014
12015
12016
12019
12020
12025
12026
12027
12029
12033
12034
12036
12038
12044
12046
12047
12048
12049
12050
12054
12062
12065
12066
12067
12069
12070
12072
12074
12076
12077
12078
12080
12081
12082
12084
12085
12087
12090
12091
12092
12099
12100
12101
12102
12106
12107
12108
12109
12110
12111
12112
12113
12115
12122
12123
12124
12125
12127
12132
12133
12134
12136
12138
12139
12140
12141
12143
12144
12145
12147
12148
12149
12151
12159
12165
12179
12180
12181
12191
12192
12198
12208
12209
12219
12226
12231
12234
12237
12241
12244
12253
12256
12259
12263
12273
12276
12280
12281
12284
12286
12291
12292
12293
12294
12298
12300
12306
12307
12308
12319
12325
12334
12335
12341
12342
12348
12365
12374
12376
12378
12393
12402
12403
12415
12418
12429
12437
12440
12444
12448
12449
12458
12460
12468
12469
12470
12483
12515
12519
12522
12531
12538
12541
12544
12545
12551
12555
12557
12558
12561
12563
12565
12568
12569
12575
12576
12577
12582
12584
12589
12591
12593
12595
12598
12599
12600
12601
12604
12606
12607
12608
12610
12612
12617
12620
12625
12633
12634
12654
12682
12686
12696
12697
12705
12706
12707
12708
12712
12713
12720
12721
12724
12731
12733
12739
12740
12747
12749
12750
12752
12758
12760
12762
12763
12771
12780
12789
12792
12793
12795
12797
12799
12812
12822
12837
12848
12853
12858
12860
12861
12864
12874
12876
12884
12886
12892
12894
12900
12904
12908
12913
12914
12917
12919
12920
12921
12923
12926
12929
12930
12932
12939
12940
12941
12942
12946
12989
12991
12998
12999
13003
13004
13006
13014
13015
13016
13017
13020
13022
13024
13025
13026
13027
13028
13030
13033
13049
13050
13178
13204
13207
13236
13238
13259
13282
13382
13412
13442
13443
13452
13460
13472
13474
13475
13476
13486
13488
13489
13491
13493
13496
13497
13499
13512
13516
13521
13522
13537
13538
13544
13545
13546
13549
13550
13553
13554
13560
13566
13573
13574
13575
13580
13583
13584
13585
13586
13588
13589
13592
13602
13605
13609
13616
13617
13618
13620
13621
13623
13624
13625
13626
13628
13633
13642
13646
13647
13654
13655
13656
13665
13666
13667
13668
13671
13672
13673
13676
13678
13681
13683
13684
13685
13686
13690
13692
13695
13696
13697
13698
13699
13701
13703
13706
13707
13708
13709
13710
13711
13714
13715
13718
13719
13720
13723
13724
13726
13727
13728
13739
13742
13745
13747
13749
13755
13758
13762
13763
13770
13771
13772
13773
13777
13782
13783
13786
13787
13792
13793
13801
13803
13809
13813
13817
13818
13820
13821
13831
13837
13840
13847
13848
13852
13853
13856
13866
13867
13874
13880
13901
13923
13964
13991
13992
13993
13994
13996
14001
14027
14031
14034
14035
14037
14040
14068
14072
14073
14079
14095
14108
14111
14122
14138
14158
14173
14212
14224
14228
14229
14231
14234
14235
14236
14243
14244
14245
14247
14249
14253
14254
14255
14256
14257
14258
14261
14262
14263
14264
14265
14266
14267
14269
14272
14273
14275
14276
14277
14278
14279
14280
14282
14288
14289
14290
14292
14293
14294
14295
14297
14298
14299
14300
14302
14303
14305
14307
14308
14309
14310
14311
14312
14313
14315
14349
14352
14355
14363
14369
14370
14371
14376
14381
14382
14386
14389
14391
14392
14395
14398
14405
14406
14407
14411
14414
14416
14418
14420
14422
14429
14431
14436
14440
14446
14447
14448
14450
14451
14452
14453
14456
14459
14460
14471
14473
14475
14476
14487
14501
14502
14503
14505
14507
14520
14521
14522
14525
14618
14620
14650
14653
14656
14659
14666
14677
14694
14703
14708
14718
14736
14756
14763
14768
14772
14777
14782
14786
14789
14791
14796
14798
14799
14800
14806
14807
14810
14811
14819
14825
14827
14835
14836
14839
14846
14857
14881
14896
14897
14912
14914
14920
14930
14933
14945
14947
14958
14965
14969
14971
14980
14981
15014
15043
15044
15049
15050
15064
15066
15077
15082
15090
15121
15126
15127
15137
15138
15147
15148
15151
15153
15157
15158
15185
15190
15198
15202
15210
15217
15221
15232
15239
15245
15251
15255
15260
15261
15272
15298
15299
15304
15305
15306
15308
15309
15332
15342
15345
15351
15357
15365
15367
15374
15376
15377
15381
15382
15383
15384
15389
15405
15406
15414
15415
15439
15446
15449
15450
15452
15453
15460
15466
15468
15471
15477
15485
15493
15502
15516
15535
15546
15559
15562
15566
15580
15590
15591
15597
15601
15622
15659
15666
15695
15700
15737
15745
15747
15750
15759
15768
15772
15775
15776
15777
15781
15783
15850
15851
15852
15856
15862
15867
15869
15874
15875
15886
15890
15896
15901
15912
15918
15920
15921
15936
15941
15946
15964
15967
15977
15982
15991
15992
15998
15999
16036
16040
16043
16060
16077
16078
16080
16082
16105
16108
16131
16136
16144
16146
16148
16149
16150
16151
16152
16153
16154
16155
16160
16165
16169
16170
16174
16176
16179
16197
16198
16200
16201
16204
16211
16215
16217
16219
16221
16230
16231
16235
16236
16237
16247
16248
16251
16253
16254
16269
16270
16272
16287
16290
16293
16297
16300
16309
16320
16329
16332
16333
16347
16359
16394
17242
17289
17359
17375
7985
7988
7990
7991
8003
8007
8027
8028
8029
8032
8033
8034
8036
8037
8042
8043
8045
8047
8051
8083
8100
8105
8117
8118
8121
8128
8147
8148
8151
8156
8159
8169
8171
8175
8178
8179
8197
8198
8220
8236
8243
8251
8253
8257
8259
8260
8261
8264
8265
8269
8282
8283
8291
8294
8299
8300
8318
8329
8331
8332
8338
8347
8351
8354
8356
8359
8360
8369
8377
8379
8380
8381
8383
8388
8389
8407
8408
8416
8417
8421
8431
8436
8438
8439
8461
8464
8477
8478
8480
8486
8499
8500
8503
8510
8511
8512
8513
8514
8520
8521
8531
8538
8544
8556
8564
8569
8580
8581
8583
8600
8655
8657
8659
8661
8662
8665
8666
8668
8673
8674
8676
8677
8679
8681
8684
8685
8686
8689
8694
8696
8704
8706
8708
8709
8713
8716
8718
8719
8720
8721
8722
8723
8724
8727
8728
8729
8731
8732
8736
8737
8738
8739
8741
8746
8747
8749
8751
8756
8758
8763
8764
8765
8767
8769
8772
8775
8820
8824
8833
8836
8838
8840
8843
8844
8847
8848
8855
8856
8857
8862
8863
8864
8879
8882
8887
8890
8899
8906
8912
8913
8915
8920
8926
8929
8933
8942
8947
8951
8955
8958
8965
8970
8971
8976
8979
8981
8984
8987
8988
8996
8997
8998
9008
9010
9016
9017
9018
9021
9025
9026
9037
9040
9041
9049
9050
9065
9069
9075
9083
9094
9109
9110
9113
9114
9128
9134
9136
9139
9156
9160
9165
9170
9172
9174
9191
9195
9197
9201
9208
9222
9224
9249
9250
9266
9279
9280
9283
9302
9314
9315
9320
9329
9337
9338
9341
9346
9347
9352
9366
9367
9374
9377
9381
9387
9399
9406
9409
9433
9443
9444
9446
9449
9455
9456
9457
9465
9470
9476
9477
9478
9498
9504
9508
9509
9520
9523
9524
9525
9532
9534
9536
9544
9555
9558
9560
9579
9580
9598
9607
9608
9612
9622
9627
9628
9637
9644
9649
9667
9671
9692
9703
9704
9712
9713
9714
9722
9725
9727
9729
9744
9745
9747
9754
9763
9777
9779
9781
9782
9787
9789
9794
9795
9821
9822
9824
9831
9833
9834
9836
9846
9854
9855
9856
9859
9860
9865
9885
9886
9887
9892
9894
9898
9901
9902
9903
9905
9912
9915
9919
9920
9924
9928
9942
9953
9958
9963
9966
9972
9974
9983
9998
10001
10005
10015
10017
10025
10026
10027
10029
10048
10051
10052
10065
10071
10079
10089
10091
10092
10098
10102
10105
10106
10109
10113
10114
10132
10137
10141
10142
10143
10144
10147
10164
10173
10179
10184
10186
10205
10209
10219
10224
10236
10254
10256
10274
10276
10277
10284
10293
10295
10302
10305
10317
10326
10332
10336
10338
10340
10341
10342
10343
10344
10345
10361
10375
10380
10381
10392
10394
10398
10402
10412
10440
10441
10442
10457
10460
10463
10465
10496
10499
10500
10507
10514
10520
10526
10527
10528
10535
10536
10545
10556
10562
10571
10575
10577
10582
10584
10593
10602
10607
10625
10630
10631
10639
10654
10656
10660
10661
10665
10670
10677
10679
10680
10694
10695
10702
10709
10742
10779
10801
10802
10803
10817
10819
10821
10829
10831
10835
10838
10839
10849
10852
10859
10862
10863
10865
10866
10868
10879
10883
10896
10899
10900
10906
10907
10920
10927
10932
10938
10955
10962
10963
10967
11161
11162
11164
11166
11168
11170
11171
11173
11175
11176
11178
11180
11181
11182
11184
11190
11196
11197
11200
11202
11204
11207
11211
11213
11218
11220
11222
11225
11238
11243
11244
11247
11253
11258
11259
11261
11262
11264
11265
11268
11269
11270
11271
11273
11281
11285
11286
11289
11297
11321
11330
11337
11340
11343
11345
11347
11350
11354
11355
11360
11362
11364
11365
11367
11373
11377
11378
11382
11383
11389
11390
11392
11397
11398
11400
11403
11405
11412
11421
11423
11424
11425
11426
11430
11431
11435
11437
11454
11457
11464
11465
11467
11469
11473
11474
11476
11491
11504
11505
11506
11508
11509
11510
11511
11512
11514
11515
11522
11527
11534
11538
11539
11543
11551
11557
11558
11561
11566
11574
11577
11578
11579
11581
11586
11587
11589
11610
11614
11615
11621
11655
11676
11684
11696
11697
11699
11713
11718
11719
11725
11726
11731
11740
11746
11748
11749
11750
11756
11757
11762
11763
11765
11838
11851
11859
11860
11869
11879
11883
11895
11901
11908
11914
11917
11925
11934
11941
11946
11948
11949
11952
11957
11958
11961
11966
11993
11995
11999
12000
12004
12005
12008
12011
12012
12014
12017
12018
12020
12035
12036
12051
12052
12053
12063
12069
12072
12080
12081
12084
12092
12093
12095
12099
12106
12112
12113
12117
12196
12237
12283
12353
12355
12362
12363
12367
12370
12373
12377
12378
12392
12396
12419
12422
12423
12425
12431
12445
12447
12449
12457
12460
12462
12466
12476
12478
12496
12499
12508
12512
12538
12539
12549
12554
12603
12620
12623
12651
12705
12707
12715
12716
12717
12721
12722
12723
12724
12725
12726
12727
12728
12729
12730
12731
12735
12737
12738
12743
12744
12745
12746
12754
12756
12759
12760
12764
12767
12768
12769
12772
12774
12775
12776
12777
12778
12779
12781
12782
12783
12784
12790
12791
12792
12805
12807
12827
12830
12833
12834
12845
12847
12848
12850
12851
12852
12853
12856
12857
12867
12876
12877
12879
12883
12884
12887
12888
12892
12897
12903
12905
12906
12909
12910
12911
12916
12922
12936
12938
12984
13076
13086
13089
13091
13093
13097
13100
13107
13109
13112
13116
13117
13121
13125
13131
13132
13133
13134
13137
13138
13141
13142
13144
13148
13150
13154
13159
13160
13161
13166
13168
13169
13172
13175
13177
13179
13180
13181
13187
13188
13189
13190
13191
13192
13199
13201
13205
13206
13207
13208
13211
13216
13227
13237
13239
13248
13254
13258
13259
13275
13464
13466
13478
13481
13486
13571
13590
13598
13600
13609
13627
13628
13635
13653
13657
13659
13661
13670
13671
13672
13673
13680
13682
13694
13703
13718
13721
13724
13735
13745
13761
13762
13763
13766
13768
13777
13784
13792
13793
13806
13809
13811
13823
13827
13857
13874
13895
13899
13912
13925
13926
13940
13984
13996
14017
14018
14024
14034
14058
14059
14060
14063
14064
14066
14074
14075
14078
14082
14083
14084
14085
14086
14088
14091
14097
14098
14104
14107
14108
14110
14114
14123
14124
14126
14127
14128
14132
14133
14135
14136
14137
14140
14141
14142
14149
14150
14151
14157
14161
14162
14163
14164
14167
14168
14169
14170
14171
14172
14173
14174
14177
14179
14180
14182
14183
14185
14186
14187
14189
14192
14197
14198
14199
14201
14204
14207
14208
14211
14219
14222
14227
14234
14236
14240
14247
14250
14251
14252
14253
14256
14262
14263
14265
14267
14269
14270
14271
14273
14274
14275
14287
14290
14300
14301
14302
14308
14309
14313
14338
14348
14357
14358
14361
14420
14726
14728
14729
14733
14735
14737
14739
14752
14753
14754
14757
14762
14763
14764
14765
14766
14768
14770
14772
14773
14774
14779
14782
14784
14788
14789
14791
14793
14795
14798
14800
14801
14802
14803
14804
14809
14816
14818
14820
14821
14825
14827
14828
14830
14833
14837
14838
14839
14840
14841
14844
14847
14848
14849
14850
14851
14859
14860
14861
14862
14866
14869
14870
14926
15101
15105
15115
15118
15121
15123
15131
15135
15136
15171
15195
15204
15205
15209
15224
15231
15242
15249
15251
15257
15259
15262
15263
15268
15269
15273
15281
15282
15283
15285
15303
15308
15314
15316
15320
15325
15326
15330
15332
15345
15351
15352
15353
15354
15361
15365
15366
15367
15369
15373
15376
15379
15380
15382
15383
15390
15391
15392
15393
15394
15399
15402
15406
15407
15411
15414
15415
15416
15421
15425
15430
15447
15478
15482
15483
15487
15488
15489
15493
15496
15497
15500
15501
15502
15503
15504
15506
15507
15508
15509
15515
15516
15518
15520
15523
15524
15525
15526
15529
15532
15534
15536
15537
15539
15544
15546
15548
15549
15551
15553
15555
15556
15561
15562
15567
15569
15573
15576
15577
15579
15584
15585
15589
15593
15598
15605
15611
15614
15615
15617
15618
15619
15621
15623
15624
15631
15635
15640
15643
15645
15647
15649
15654
15655
15659
15661
15663
15669
15670
15672
15673
15674
15675
15676
15677
15682
15686
15689
15700
15701
15702
15708
15710
15711
15712
15713
15717
15722
15727
15821
15822
15824
15825
15826
15827
15831
15832
15833
15834
15840
15846
15847
15854
15855
15858
15860
15861
15865
15867
15877
15888
15899
15905
15908
15910
15916
15932
15946
15949
15950
15951
15954
15962
15963
15964
7159
7160
7161
7162
7163
7164
7168
7169
7174
7178
7183
7184
7190
7191
7194
7195
7199
7200
7201
7207
7209
7213
7214
7215
7216
7217
7219
7220
7222
7225
7226
7229
7230
7231
7234
7235
7236
7237
7239
7240
7241
7244
7245
7248
7250
7253
7254
7256
7257
7261
7262
7264
7265
7267
7268
7269
7270
7271
7272
7273
7277
7279
7281
7288
7289
7290
7292
7293
7294
7295
7297
7301
7302
7305
7306
7308
7309
7311
7322
7332
7333
7334
7357
7359
7362
7374
7376
7383
7385
7386
7391
7397
7398
7737
7740
7742
7746
7752
7758
7771
7772
7781
7785
7788
7792
7793
7794
7801
7804
7811
7813
7816
7822
7823
7832
7837
7843
7847
7849
7850
7856
7857
7858
7859
7860
7861
7867
7868
7881
7883
7885
7887
7890
7891
7893
7902
7977
7979
7980
7985
7990
7998
8001
8005
8006
8007
8011
8012
8013
8014
8015
8018
8019
8020
8025
8026
8035
8036
8042
8043
8045
8050
8052
8053
8059
8060
8061
8063
8080
8085
8092
8094
8097
8103
8105
8106
8111
8112
8114
8115
8116
8117
8119
8121
8122
8123
8125
8126
8129
8130
8131
8132
8133
8135
8136
8137
8138
8139
8144
8145
8146
8147
8148
8149
8150
8152
8153
8165
8190
8195
8197
8198
8204
8206
8211
8213
8214
8216
8218
8223
8225
8226
8234
8240
8243
8248
8253
8254
8256
8258
8259
8262
8264
8266
8271
8279
8281
8285
8304
8305
8320
8321
8326
8330
8343
8357
8365
8374
8385
8389
8413
8414
8419
8455
8463
8466
8479
8486
8495
8496
8500
8524
8527
8534
8556
8559
8565
8572
8583
8585
8588
8589
8590
8592
8595
8596
8599
8601
8602
8604
8608
8618
8619
8621
8623
8624
8626
8629
8631
8635
8638
8643
8644
8650
8653
8654
8664
8665
8666
8667
8670
8673
8676
8688
8691
8692
8693
8697
8700
8707
8709
8712
8716
8718
8720
8721
8731
8732
8733
8734
8735
8736
8739
8742
8744
8745
8746
8751
8755
8756
8758
8762
8763
8765
8767
8773
8774
8775
8777
8778
8781
8782
8786
8788
8790
8791
8792
8793
8794
8795
8796
8798
8800
8802
8804
8805
8808
8810
8817
8818
8824
8825
8828
8833
8835
8836
8837
8838
8840
8846
8867
8868
8890
8894
8904
8906
8907
8909
8912
8913
8915
8916
8917
8921
8925
8927
8928
8934
8936
8943
8944
8957
8958
8967
8968
8975
8982
8983
8984
8985
8986
8988
8992
9001
9003
9004
9010
9020
9026
9027
9029
9030
9031
9032
9033
9034
9042
9043
9051
9054
9057
9058
9062
9063
9064
9065
9075
9078
9080
9092
9093
9097
9113
9121
9126
9134
9139
9140
9144
9147
9155
9156
9158
9159
9160
9163
9164
9168
9169
9170
9186
9187
9188
9191
9192
9193
9200
9201
9203
9204
9205
9207
9210
9211
9214
9215
9220
9221
9223
9226
9227
9237
9240
9250
9358
9392
9397
9401
9428
9435
9436
9438
9439
9440
9441
9443
9444
9445
9447
9448
9450
9451
9453
9455
9456
9457
9458
9459
9460
9462
9464
9465
9469
9471
9479
9480
9481
9485
9493
9497
9501
9502
9503
9505
9510
9512
9514
9515
9516
9522
9524
9528
9533
9536
9539
9543
9544
9546
9550
9556
9560
9567
9568
9576
9584
9600
9605
9607
9609
9610
9613
9615
9619
9620
9622
9623
9631
9642
9658
9661
9664
9671
9681
9689
9702
9715
9722
9728
9732
9734
9736
9738
9740
9741
9742
9743
9756
9768
9779
9785
9796
9802
9803
9819
9821
9823
9824
9827
9832
9840
9842
9844
9845
9846
9847
9855
9862
9868
9873
9874
9879
9880
9882
9884
9888
9896
9910
9912
9917
9922
9932
9944
9946
9948
9963
9966
9968
9969
9977
9985
9987
9989
9991
9993
9994
10002
10031
10073
10079
10086
10087
10092
10093
10098
10101
10104
10109
10110
10113
10114
10128
10145
10151
10159
10170
10171
10173
10175
10176
10178
10179
10180
10184
10190
10193
10196
10197
10198
10208
10210
10213
10214
10215
10217
10219
10221
10224
10225
10226
10228
10230
10234
10235
10236
10237
10239
10240
10241
10247
10248
10249
10253
10254
10255
10257
10260
10263
10268
10271
10272
10273
10274
10275
10277
10278
10281
10283
10286
10287
10289
10291
10292
10293
10294
10295
10297
10304
10307
10308
10311
10314
10315
10318
10320
10325
10340
10414
10415
10416
10417
10418
10420
10425
10427
10428
10429
10432
10433
10434
10436
10439
10445
10446
10447
10448
10449
10450
10451
10452
10453
10455
10456
10457
10480
10488
10500
10504
10513
10542
10582
10592
10598
10619
10626
10628
10632
10634
10640
10642
10643
10653
10661
10666
10669
10673
10677
10685
10689
10691
10699
10713
10725
10736
10740
10763
10765
10766
10770
10771
10776
10777
10780
10782
10783
10785
10807
10821
10858
10873
10877
10892
10900
10901
10948
10949
10958
10968
10977
10981
11041
11043
11045
11047
11052
11053
11054
11061
11064
11066
11071
11076
11077
11083
11084
11085
11086
11087
11090
11091
11092
11095
11096
11097
11098
11101
11106
11107
11108
11110
11112
11113
11114
11118
11119
11122
11124
11127
11129
11130
11131
11133
11134
11135
11137
11145
11149
11150
11151
11152
11153
11155
11161
11164
11165
11166
11167
11169
11170
11171
11172
11178
11180
11181
11182
11186
11188
11189
11190
11191
11193
11199
11200
11201
11203
11204
11205
11207
11209
11214
11216
11218
11221
11223
11224
11305
11307
11308
11312
11313
11317
11318
11319
11322
11323
11328
11329
11330
11333
11337
11338
11340
11341
11343
11346
11348
11349
11357
11358
11359
11361
11362
11364
11365
11367
11372
11373
11374
11375
11376
11385
11387
11406
11420
11422
11425
11429
11433
11434
11441
11442
11447
11451
11597
11598
11600
11603
11605
11606
11608
11610
11625
11626
11627
11628
11631
11633
11634
11637
11652
11655
11664
11668
11673
11682
11689
11691
11706
11710
11720
11734
11759
11792
11793
11814
11817
11818
11819
11820
11821
11831
11832
11833
11835
11837
11840
11843
11845
11850
11851
11852
11899
11901
11902
11904
11907
11914
11917
11922
11923
11928
11960
11961
11969
11971
11974
11985
12006
12014
12027
12029
12036
12041
12045
12046
12049
12059
12063
12066
12104
12110
12112
12148
12158
12166
12170
12200
12209
12211
12254
12268
12274
12278
12291
12298
12303
12318
12338
12341
12371
12373
12375
12394
12401
12457
12484
12490
12492
12501
12507
12515
12533
12536
12559
12561
12592
12593
12606
12647
12656
12692
12712
12722
12756
12758
12764
12768
12810
12812
12819
12825
12829
12834
12835
12852
12870
12882
12888
12894
12928
12936
12938
12962
13003
13025
13043
13086
13115
13198
13332
13339
13340
13343
13344
13346
13347
13349
13354
13359
13361
13362
13363
13367
13375
13382
13386
13388
13393
13394
13395
13397
13398
13399
13400
13404
13405
13411
13415
13416
13419
13423
13424
13437
13439
13442
13444
13451
13452
13457
13458
13462
13463
13464
13467
13470
13472
13474
13476
13480
13481
13482
13485
13487
13494
13501
13502
13503
13504
13505
13509
13511
13512
13519
13520
13526
13527
13528
13530
13533
13535
13536
13538
13539
13546
13547
13551
13552
13553
13556
13557
13559
13560
13566
13570
13571
13576
13577
13578
13579
13582
13585
13588
13591
13594
13599
13604
13606
13636
13637
13652
13664
13665
13670
13680
13681
13682
13700
13704
13708
13722
13741
13852
13859
13861
13870
13880
13889
13898
13911
13916
13918
13919
13923
13930
13937
13938
13941
13942
13947
13948
13949
13950
13955
13961
13965
13967
13969
13972
13973
13976
13977
13982
13983
13984
13985
13986
13989
13990
13992
14000
14004
14005
14009
14013
14014
14016
14017
14019
14022
14025
14026
14027
14030
14038
14047
14055
14056
14059
14104
14105
14107
14110
14112
14114
14115
14117
14122
14126
14129
14130
14138
14148
14157
14161
14163
14164
14165
14168
14170
14171
14175
14186
14187
14188
14190
14191
14196
14199
14203
14204
14205
14206
14211
14214
14215
14218
14221
14222
14223
14225
14227
14228
14230
14232
14233
14237
14238
14239
14241
14242
14247
14248
14249
14253
14254
14255
14256
14257
14261
14262
14271
14274
14275
14279
14282
14283
14284
14286
14288
14289
14290
14292
14295
14296
14299
14300
14302
14303
14304
14313
14314
14315
5599
5678
5723
5724
5779
5801
5814
5846
5895
5906
5907
5908
5910
5912
5914
5915
5916
5917
5919
5923
5924
5925
5929
5930
5934
5935
5939
5940
5941
5942
5943
5946
5947
5959
5960
5961
5962
5964
5965
5966
5967
5969
5970
5975
5983
5986
5988
5990
5991
5996
5997
6003
6006
6007
6010
6012
6015
6016
6020
6027
6032
6047
6052
6064
6077
6092
6094
6095
6101
6108
6114
6122
6123
6134
6135
6137
6145
6149
6150
6151
6168
6169
6171
6172
6173
6174
6192
6218
6362
6366
6370
6374
6377
6382
6383
6385
6386
6387
6391
6403
6404
6405
6408
6414
6470
6483
6523
6540
6592
6708
6714
6716
6717
6741
6742
6764
6765
6767
6768
6780
6784
6787
6791
6796
6805
6807
6812
6815
6817
6837
6838
6840
6841
6843
6847
6850
6853
6859
6864
6915
6989
6990
6991
6993
6994
7004
7005
7008
7009
7018
7023
7037
7058
7066
7100
7120
7124
7138
7143
7161
7166
7167
7177
7195
7197
7236
7242
7275
7294
7312
7320
7346
7352
7366
7383
7384
7477
7483
7498
7500
7510
7512
7519
7525
7526
7529
7538
7571
7600
7620
7622
7624
7626
7629
7630
7631
7632
7633
7634
7638
7640
7641
7645
7650
7654
7657
7659
7661
7662
7664
7674
7680
7689
7692
7706
7796
7807
7812
7886
7901
7903
7904
8001
8021
8084
8109
8133
8148
8149
8187
8204
8224
8225
8227
8234
8235
8236
8250
8252
8257
8270
8301
8306
8309
8312
8369
8370
8375
8385
8396
8397
8398
8400
8412
8418
8422
8426
8427
8428
8431
8434
8436
8437
8442
8446
8447
8448
8450
8454
8455
8459
8460
8461
8463
8465
8468
8471
8472
8476
8479
8480
8481
8483
8484
8488
8491
8493
8494
8495
8496
8500
8501
8502
8503
8508
8510
8519
8520
8521
8535
8543
8544
8558
8565
8578
8579
8584
8588
8597
8603
8605
8612
8626
8630
8633
8640
8645
8655
8657
8700
8703
8707
8710
8717
8729
8730
8733
8738
8740
8741
8743
8750
8758
8764
8772
8773
8777
8782
8790
8793
8799
8811
8816
8821
8828
8833
8843
8845
8853
8866
8892
8906
8908
8912
8918
8926
8927
8969
9005
9011
9023
9030
9040
9048
9057
9058
9068
9071
9081
9090
9094
9106
9109
9121
9138
9140
9158
9160
9188
9193
9226
9245
9249
9282
9289
9295
9305
9309
9326
9340
9341
9348
9349
9359
9362
9372
9402
9422
9423
9437
9442
9463
9476
9477
9488
9505
9506
9515
9525
9529
9534
9537
9570
9582
9583
9585
9591
9611
9616
9622
9628
9639
9643
9649
9660
9671
9684
9698
9702
9731
9738
9743
9746
9768
9783
9815
9858
9860
9862
9864
9885
9923
9952
9955
9962
9976
9988
9994
9996
9997
10009
10012
10022
10047
10055
10063
10064
10083
10092
10108
10131
10144
10170
10202
10203
10211
10221
10225
10229
10237
10239
10247
10277
10302
10303
10358
10397
10432
10434
10438
10444
10455
10456
10457
10490
10504
10505
10507
10512
10518
10519
10526
10527
10528
10529
10531
10535
10539
10540
10545
10560
10564
10571
10585
10591
10592
10593
10599
10610
10617
10618
10623
10629
10636
10642
10643
10647
10650
10656
10660
10661
10663
10664
10665
10669
10675
10680
10682
10692
10701
10703
10710
10711
10714
10727
10737
10775
10797
10799
10813
10826
10831
10834
10856
10883
10905
10924
10925
10929
10932
10937
10958
10973
10979
10996
11012
11016
11110
11121
11138
11142
11157
11159
7937
7940
7942
7955
7963
7968
7969
7980
7994
7997
8017
8019
8021
8024
8029
8030
8033
8034
8035
8036
8037
8039
8041
8045
8048
8049
8050
8054
8057
8061
8062
8066
8072
8077
8078
8084
8086
8089
8094
8107
8110
8113
8114
8117
8118
8119
8120
8125
8127
8130
8137
8138
8145
8149
8152
8153
8158
8160
8162
8163
8164
8172
8173
8181
8184
8187
8189
8194
8210
8212
8216
8227
8230
8233
8234
8237
8238
8239
8241
8244
8248
8255
8256
8257
8261
8269
8271
8272
8275
8276
8278
8280
8281
8282
8283
8285
8287
8290
8292
8295
8297
8298
8299
8302
8303
8304
8310
8311
8314
8315
8318
8319
8320
8322
8323
8324
8325
8326
8328
8329
8331
8337
8343
8346
8348
8354
8359
8360
8361
8363
8364
8365
8366
8370
8371
8375
8383
8385
8388
8389
8390
8395
8402
8404
8406
8407
8408
8409
8410
8411
8412
8413
8416
8419
8421
8425
8426
8428
8435
8443
8452
8460
8462
8467
8474
8480
8528
8551
8554
8557
8560
8572
8580
8587
8608
8614
8633
8647
8651
8657
8666
8668
8687
8688
8691
8692
8697
8706
8708
8709
8712
8714
8715
8716
8726
8729
8732
8749
8752
8760
8767
8771
8778
8803
8804
8805
8811
8819
8822
8831
8832
8833
8836
8837
8841
8842
8844
8845
8847
8853
8855
8856
8857
8858
8860
8896
8905
8922
8925
8929
8934
8936
8942
8952
8956
8960
8961
8964
8969
8972
8977
8979
8980
8981
8982
8983
8984
8986
8987
8989
8990
8993
8995
8996
9000
9001
9003
9007
9008
9009
9013
9014
9015
9017
9020
9022
9026
9027
9031
9033
9034
9035
9037
9038
9042
9045
9046
9049
9053
9057
9060
9062
9064
9066
9067
9068
9071
9072
9074
9076
9078
9084
9087
9088
9090
9092
9095
9104
9107
9109
9111
9112
9113
9124
9125
9126
9128
9129
9130
9132
9136
9141
9144
9145
9147
9148
9152
9154
9157
9158
9161
9163
9164
9165
9169
9170
9171
9175
9177
9178
9179
9187
9190
9191
9192
9193
9197
9199
9204
9205
9206
9210
9212
9217
9221
9223
9224
9226
9229
9230
9235
9240
9244
9247
9250
9251
9252
9254
9255
9256
9258
9259
9261
9262
9263
9265
9266
9273
9275
9280
9283
9288
9296
9297
9298
9301
9304
9310
9311
9314
9315
9316
9323
9325
9326
9327
9331
9332
9335
9337
9339
9340
9341
9342
9344
9347
9351
9354
9356
9363
9366
9372
9375
9377
9378
9379
9390
9392
9399
9403
9405
9406
9409
9410
9414
9415
9417
9423
9427
9429
9430
9431
9433
9434
9436
9437
9447
9449
9458
9465
9479
9492
9496
9500
9503
9504
9560
9568
9570
9573
9579
9593
9616
9626
9629
9631
9646
9652
9654
9692
9695
9721
9724
9757
9774
9783
9784
9793
9795
9800
9804
9807
9810
9832
9833
9838
9839
9840
9841
9843
9844
9845
9846
9847
9850
9851
9852
9853
9856
9858
9860
9864
9867
9875
9883
9884
9886
9889
9892
9893
9897
9898
9899
9900
9901
9902
9903
9929
9932
9933
9936
9937
9938
9943
9946
9949
9950
9952
9954
9959
9961
9962
9963
9966
9969
9970
9973
9981
9982
9983
9984
9986
9987
9995
10000
10005
10006
10007
10008
10010
10013
10016
10018
10019
10020
10022
10023
10024
10025
10026
10028
10029
10359
11036
11052
11223
11267
11276
11277
11283
11396
11414
11419
11421
11426
11433
11443
11460
11461
11474
11478
11481
11482
11492
11498
11511
11519
11523
11530
11555
11558
11564
11570
11574
11604
11621
11637
11648
11651
11662
11663
11678
11703
11714
11717
11718
11725
11740
11741
11756
11759
11767
11771
11774
11777
11789
11817
11832
11838
11858
11871
11872
11873
11899
11901
11926
11935
11956
11958
11969
11970
11973
11975
11976
11983
11985
11988
11991
12122
12174
12195
12203
12204
12213
12218
12222
12229
12233
12236
12237
12247
12250
12252
12262
12272
12288
12372
12428
12434
12435
12436
12448
12453
12458
12467
12469
12478
12479
12481
12482
12483
12484
12485
12486
12487
12489
12491
12492
12496
12498
12503
12507
12510
12513
12514
12515
12517
12518
12519
12521
12522
12523
12524
12529
12530
12532
12533
12537
12538
12542
12545
12546
12547
12550
12551
12553
12554
12555
12558
12559
12560
12561
12563
12564
12566
12570
12572
12573
12576
12577
12579
12580
12583
12584
12586
12588
12589
12591
12592
12593
12594
12595
12597
12598
12599
12600
12601
12604
12605
12610
12611
12612
12613
12614
12615
12617
12625
12628
12639
12646
12651
12656
12658
12659
12668
12674
12679
12684
12686
12698
12699
12712
12713
12725
12726
12738
12746
12747
12751
12763
12765
12771
12776
12778
12780
12788
12789
12792
12795
12808
12825
12826
12831
12834
12839
12846
12851
12854
12856
12858
12859
12860
12861
12862
12868
12869
12870
12875
12876
12892
12897
12899
12901
12903
12908
12911
12913
12915
13028
13050
13075
13081
13082
13088
13089
13095
13097
13102
13106
13111
13138
13146
13147
13152
13158
13159
13166
13172
13174
13179
13180
13181
13182
13185
13187
13188
13190
13201
13202
13205
13213
13221
13225
13234
13239
13240
13248
13249
13251
13253
13254
13260
13262
13263
13268
13271
13274
13277
13280
13282
13283
13287
13288
13292
13294
13295
13297
13385
13386
13394
13408
13416
13417
13418
13422
13436
13437
13439
13448
13466
13467
13474
13475
13477
13485
13493
13501
13504
13716
13718
13719
13723
13724
13725
13726
13738
13742
13746
13749
13759
13762
13763
13764
13765
13768
13770
13774
13775
13779
13781
13786
13790
13793
13794
13796
13801
13806
13808
13809
13810
13811
13812
13815
13818
13821
13825
13832
13836
13837
13839
13841
13842
13844
13845
13846
13851
13855
13856
13858
13859
13860
13861
13864
13866
13867
13877
13881
13882
13883
13884
13886
13888
13891
13893
13894
13896
13901
13907
13908
13910
13912
13915
13932
13945
13953
13957
13967
13969
13971
13976
13977
13986
13988
13998
14007
14013
14018
14027
14028
14029
14049
14053
14057
14067
14070
14071
14074
14077
14082
14088
14091
14097
14102
14105
14106
14111
14113
14114
14116
14121
14122
14123
14124
14126
14128
14129
14130
14131
14135
14137
14139
14140
14141
14146
14147
14151
14154
14155
14156
14157
14158
14159
14162
14167
14168
14176
14178
14181
14182
14185
14188
14189
14190
14194
14196
14199
14201
14203
14204
14206
14208
14210
14214
14218
14220
14224
14231
14235
14236
14238
14240
14241
14244
14246
14248
14250
14251
14253
14254
14256
14257
14258
14260
14268
14270
14273
14274
14277
14286
14290
14291
14292
14295
14304
14305
14306
14308
14309
14319
14334
14336
14337
14338
14343
14344
14348
14353
14357
14369
14372
14387
14391
14392
14393
14397
14401
14408
14409
14416
14418
14419
14428
14432
14434
14436
14439
14440
14442
14443
14447
14448
14449
14450
14451
14453
14456
14460
14463
14467
14469
14477
14479
14494
14496
14497
14504
14506
14508
14509
14515
14538
14554
14563
14564
14565
14590
14594
14597
14614
14619
14620
14621
14623
14624
14625
14633
14636
14638
14640
14641
14643
14645
14649
14652
14658
14664
14665
14667
14671
14675
14678
14684
14685
14688
14693
14696
14700
14702
14705
14707
14709
14719
14731
14732
14778
14779
14780
14781
14783
14784
14789
14793
14797
14801
14803
14808
14819
14820
14887
14889
14961
14973
14985
14992
15034
15036
15127
15130
15131
15167
15168
15169
15170
15171
15175
15176
15177
15183
15185
15188
15189
15202
15205
15209
15215
15220
15224
15244
15245
15247
15248
15249
15255
15256
15258
15259
15261
15262
15263
15297
15305
15368
15369
15378
15385
15386
15394
15400
15401
15411
15430
15441
15446
15447
15455
15462
15466
15469
15470
15476
15477
15478
15480
15486
15489
15490
15505
15509
15524
15531
15532
15548
15554
15564
15566
15568
15575
15593
15611
15616
15628
15634
15635
15638
15642
15644
15648
15651
15652
15653
15659
15660
15663
15664
15669
15686
15687
15688
15689
15694
15695
15697
15698
15699
15700
15701
15702
15703
15707
15708
15709
15714
15715
15720
15722
15727
15728
15730
15747
15754
15757
15787
15803
15810
15853
15868
7713
7715
7716
7717
7718
7722
7724
7725
7727
7731
7735
7737
7738
7743
7744
7745
7761
7770
7774
7775
7779
7783
7788
7791
7792
7793
7802
7803
7834
7836
7837
7849
7851
7858
7860
7861
7863
7869
7870
7884
8068
8069
8071
8074
8081
8083
8088
8114
8119
8120
8121
8132
8143
8149
8152
8158
8176
8179
8191
8195
8196
8219
8248
8250
8256
8269
8270
8276
8279
8281
8282
8283
8285
8286
8298
8300
8302
8307
8309
8310
8323
8327
8328
8339
8344
8346
8348
8350
8364
8365
8369
8376
8382
8384
8388
8389
8392
8393
8402
8406
8412
8424
8432
8447
8452
8453
8459
8462
8465
8480
8485
8489
8502
8506
8507
8508
8519
8520
8523
8529
8530
8535
8537
8540
8549
8557
8568
8569
8572
8580
8585
8595
8598
8599
8603
8604
8605
8607
8608
8615
8619
8620
8623
8630
8631
8633
8642
8647
8650
8651
8659
8661
8662
8663
8665
8666
8671
8675
8682
8687
8688
8690
8693
8697
8698
8701
8705
8706
8856
8865
8868
8872
8874
8881
8894
8895
8898
8902
8903
8904
8911
8925
8928
8936
8942
8947
8952
8957
8964
8966
8967
8968
8972
8996
8997
9002
9003
9038
9049
9077
9085
9118
9129
9142
9144
9201
9203
9208
9215
9216
9220
9221
9222
9223
9225
9226
9230
9233
9381
9401
9536
9537
9543
9546
9549
9553
9554
9558
9562
9563
9565
9569
9570
9571
9573
9574
9575
9580
9582
9583
9584
9585
9595
9597
9607
9609
9610
9612
9613
9614
9617
9620
9623
9624
9631
9632
9633
9636
9637
9645
9650
9653
9654
9655
9657
9658
9659
9660
9661
9662
9665
9666
9667
9668
9669
9670
9671
9673
9675
9677
9679
9683
9694
9696
9697
9698
9699
9703
9704
9706
9708
9709
9710
9711
9719
9723
9746
9748
9750
9752
9753
9760
9764
9766
9767
9773
9778
9779
9780
9781
9782
9783
9784
9785
9786
9787
9789
9790
9796
9797
9801
9808
9809
9812
9814
9818
9819
9823
9828
9833
9834
9835
9836
9838
9839
9840
9845
9846
9848
9851
9852
9858
9866
9867
9868
9870
9871
9874
9877
9878
9882
9886
9891
9900
9903
9904
9919
9920
9924
9925
9926
9928
9929
9934
9939
9942
9958
9960
9962
9964
9971
9982
9983
9986
10002
10034
10038
10043
10046
10051
10060
10062
10065
10067
10068
10069
10070
10071
10072
10073
10074
10075
10077
10085
10086
10087
10089
10090
10091
10092
10094
10095
10099
10100
10101
10102
10106
10107
10108
10109
10115
10117
10127
10128
10129
10131
10132
10133
10135
10137
10138
10139
10144
10150
10151
10152
10153
10170
10173
10175
10178
10179
10180
10187
10188
10189
10191
10212
10222
10233
10234
10235
10238
10241
10245
10247
10251
10253
10254
10257
10261
10264
10267
10272
10275
10277
10278
10279
10285
10295
10302
10303
10304
10305
10308
10309
10310
10313
10318
10319
10320
10323
10324
10326
10328
10330
10346
10349
10351
10354
10365
10369
10378
10380
10382
10385
10386
10389
10405
10409
10412
10419
10423
10424
10426
10431
10432
10435
10444
10455
10466
10467
10470
10471
10472
10477
10479
10482
10483
10484
10489
10490
10491
10492
10493
10495
10507
10530
10538
10558
10559
10560
10566
10569
10585
10594
10608
10613
10625
10626
10633
10637
10640
10645
10676
10703
10713
10717
10718
10729
10730
10748
10759
10760
10774
10778
10791
10806
10854
10866
10871
10923
11014
11049
11094
11095
11107
11117
11124
11133
11137
11164
11167
11171
11209
11233
11239
11257
11260
11261
11263
11287
11315
11326
11472
11487
11488
11491
11492
11493
11513
11516
11518
11522
11530
11533
11534
11540
11545
11553
11556
11563
11564
11565
11576
11602
11604
11606
11614
11617
11632
11638
11642
11660
11675
11711
11716
11718
11725
11728
11731
11745
11746
11748
11765
11775
11791
11794
11817
11818
11831
11853
11864
11874
11882
11883
11896
11908
11938
11950
11952
11961
11963
11981
11984
11994
12011
12012
12019
12022
12023
12025
12034
12041
12042
12046
12047
12065
12074
12086
12088
12091
12096
12097
12098
12100
12101
12107
12108
12120
12123
12124
12127
12130
12137
12145
12153
12154
12155
12176
12183
12186
12197
12200
12207
12209
12220
12226
12227
12232
12236
12251
12252
12264
12293
12322
12341
12346
12357
12359
12362
12364
12365
12366
12371
12372
12374
12375
12379
12380
12390
12395
12397
12407
12408
12409
12410
12411
12424
12425
12429
12431
12440
12441
12444
12451
12452
12462
12466
12509
12513
12515
12517
12523
12526
12528
12529
12530
12533
12534
12535
12538
12540
12542
12543
12544
12545
12550
12551
12556
12558
12560
12562
12564
12592
12593
12594
12600
12601
12602
12607
12609
12611
12619
12620
12621
12626
12627
12628
12634
12641
12643
12647
12649
12650
12656
12657
12659
12660
12662
12666
12667
12672
12673
12684
12686
12692
12697
12698
12701
12708
12709
12710
12711
12712
12740
12746
12752
12753
12754
12758
12759
12761
12762
12763
12775
12782
12785
12786
12787
12793
12794
12795
12796
12802
12805
12806
12808
12809
12816
12817
12818
12819
12843
12845
12851
12856
12857
12861
12864
12866
12867
12869
12870
12874
12881
12884
12900
12905
12940
12949
12965
13075
13076
13106
13115
13133
13142
13210
13255
13270
13273
13296
13305
13306
13307
13317
13321
13333
13335
13346
13357
13360
13364
13380
13382
13403
13411
13415
13418
13423
13426
13439
13451
13455
13468
13483
13488
13489
13490
13497
13500
13505
13507
13508
13512
13521
13621
13623
13624
13626
13631
13632
13642
13648
13649
13660
13663
13670
13673
13674
13683
13702
13717
13741
13960
14124
14282
14289
14319
14320
14330
14335
14339
14372
14399
14409
14410
14411
14412
14413
14418
14424
14425
14427
14428
14429
14431
14433
14435
14440
14445
14457
14463
14466
14467
14472
14475
14478
14479
14484
14486
14487
14491
14497
14499
14500
14501
14502
14506
14507
14508
14512
14513
14518
14520
14526
14528
14537
14541
14542
14543
14545
14547
14549
14551
14552
14553
14554
14557
14564
14567
14568
14575
14576
14577
14583
14584
14586
14587
14599
14601
14603
14609
14611
14618
14621
14624
14627
14632
14633
14643
14649
14650
14655
14656
14660
14661
14662
14686
14697
14702
14705
14711
14714
14715
14716
14719
14721
14723
14730
14732
14733
14736
14737
14752
14753
14755
14757
14761
14762
14765
14776
14791
14792
14803
14829
14835
14853
14861
14862
14867
14874
14877
14880
14884
14908
14913
14919
14929
14933
14944
14948
14971
14974
14988
14996
15002
15004
15016
15025
15032
15033
15046
15047
15052
15054
15057
15060
15075
15077
15079
15094
15099
15105
15125
15128
15137
15142
15143
15145
15150
15155
15157
15168
15183
15194
15197
15213
15214
15216
15217
15218
15222
15229
15232
15234
15241
15246
15253
15263
15278
15283
15302
15312
15332
15356
15358
15359
15373
6786
6787
6802
6804
6808
6810
6819
6822
6823
6824
6831
6837
6845
6849
6854
6858
6860
6862
6863
6872
6873
6874
6878
6886
6894
6896
6898
6899
6900
6902
6903
6905
6908
6909
6914
6915
6919
6923
6924
6927
6928
6929
6934
6935
6936
6940
6943
6945
6948
6949
6954
6957
6959
6960
6965
6966
6967
6969
6985
6986
6987
6988
6989
6990
6994
6997
6998
6999
7005
7009
7010
7013
7015
7016
7017
7018
7019
7020
7021
7026
7031
7039
7064
7068
7069
7091
7094
7103
7105
7108
7111
7113
7118
7120
7131
7132
7135
7138
7141
7146
7148
7149
7150
7155
7157
7170
7171
7180
7182
7183
7190
7196
7201
7202
7225
7240
7291
7298
7305
7326
7362
7410
7411
7421
7424
7429
7431
7435
7442
7445
7452
7454
7456
7458
7462
7463
7516
7526
7527
7534
7536
7540
7542
7549
7558
7559
7560
7581
7598
7600
7604
7624
7652
7668
7691
7694
7699
7705
7721
7723
7725
7732
7736
7751
7752
7755
7762
7763
7770
7778
7784
7787
7790
7791
7797
7803
7806
7807
7808
7811
7818
7823
7824
7825
7826
7828
7829
7831
7832
7833
7834
7835
7836
7837
7838
7840
7842
7844
7846
7848
7849
7850
7851
7852
7853
7854
7855
7856
7857
7858
7860
7861
7862
7863
7864
7865
7866
7868
7869
7870
7871
7872
7873
7874
7875
7879
7880
7882
7884
7886
7887
7888
7889
7890
7891
7894
7896
7898
7904
7908
7915
7921
7924
7929
7939
7940
7942
7956
7968
7979
7987
7988
7994
7995
7998
8003
8016
8021
8023
8027
8030
8034
8039
8042
8043
8046
8049
8054
8056
8061
8064
8069
8070
8071
8072
8073
8074
8075
8079
8080
8081
8085
8086
8087
8088
8089
8090
8092
8093
8096
8097
8098
8100
8101
8102
8103
8105
8110
8111
8112
8115
8116
8117
8118
8120
8121
8123
8125
8127
8134
8136
8137
8139
8140
8141
8143
8145
8146
8151
8153
8154
8155
8156
8160
8161
8162
8163
8164
8165
8168
8169
8172
8173
8175
8176
8177
8199
8204
8212
8221
8223
8225
8227
8230
8234
8240
8243
8250
8252
8253
8254
8255
8256
8262
8268
8276
8277
8291
8303
8326
8333
8334
8353
8414
8418
8421
8443
8450
8456
8461
8462
8475
8477
8479
8482
8483
8487
8494
8497
8499
8502
8503
8504
8506
8509
8512
8513
8514
8517
8519
8523
8525
8526
8529
8531
8532
8536
8537
8538
8540
8545
8549
8556
8564
8569
8572
8573
8576
8579
8582
8583
8586
8587
8588
8679
8680
8685
8686
8691
8697
8698
8699
8700
8702
8703
8707
8708
8710
8711
8713
8716
8717
8718
8723
8726
8730
8731
8732
8733
8735
8736
8739
8741
8744
8745
8746
8747
8748
8752
8755
8756
8758
8759
8780
8785
8802
8818
8823
8837
8851
8852
8861
8863
8881
8888
8906
8910
8916
8917
8923
8933
8953
8955
8958
8984
8988
8992
9023
9026
9030
9045
9050
9059
9077
9081
9082
9083
9084
9087
9089
9092
9093
9094
9097
9098
9100
9101
9105
9112
9113
9116
9117
9118
9119
9122
9124
9126
9130
9133
9135
9136
9141
9148
9155
9156
9166
9171
9180
9182
9191
9195
9196
9201
9202
9206
9209
9213
9214
9219
9224
9227
9229
9235
9237
9243
9249
9251
9252
9257
9259
9267
9270
9277
9278
9284
9286
9287
9290
9296
9298
9300
9302
9303
9314
9319
9329
9333
9334
9335
9339
9340
9342
9345
9346
9347
9349
9350
9352
9353
9356
9359
9361
9362
9363
9364
9373
9380
9385
9387
9388
9390
9395
9396
9398
9402
9403
9407
9408
9409
9410
9413
9417
9418
9419
9421
9426
9428
9429
9438
9439
9445
9454
9460
9469
9472
9473
9474
9475
9476
9477
9481
9483
9486
9488
9494
9496
9499
9500
9503
9504
9507
9508
9511
9515
9524
9532
9538
9543
9545
9547
9548
9552
9553
9556
9570
9571
9576
9578
9580
9582
9585
9586
9599
9601
9602
9607
9608
9613
9617
9619
9620
9624
9626
9628
9633
9637
9638
9639
9643
9644
9645
9648
9656
9661
9666
9667
9669
9672
9682
9686
9687
9694
9696
9701
9702
9703
9712
9721
9722
9723
9724
9728
9729
9731
9732
9739
9769
9774
9778
9806
9814
9824
9835
9836
9900
9906
9918
9921
9922
9923
9924
9929
9930
10161
10162
10163
10165
10171
10172
10173
10175
10177
10181
10182
10183
10184
10185
10189
10191
10192
10195
10198
10199
10200
10201
10277
10292
10340
10358
10419
10423
10430
10443
10446
10456
10461
10493
10499
10504
10518
10529
10532
10533
10543
10549
10553
10570
10572
10582
10595
10602
10612
10621
10629
10642
10643
10648
10649
10650
10661
10665
10670
10671
10676
10678
10713
10726
10727
10734
10746
10749
10771
10773
10774
10775
10782
10785
10786
10787
10789
10791
10793
10795
10797
10800
10806
10807
10812
10813
10816
10822
10823
10828
10830
10832
10833
10837
10838
10840
10841
10842
10849
10850
10852
10853
10855
10856
10859
10860
10862
10863
10865
10866
10867
10869
10870
10871
10872
10873
10874
11051
11149
11173
11217
11250
11251
11252
11272
11273
11285
11287
11292
11293
11298
11314
11318
11319
11328
11330
11345
11346
11361
11366
11368
11371
11384
11387
11389
11398
11400
11404
11406
11407
11411
11413
11414
11426
11429
11432
11447
11455
11464
11495
11500
11502
11505
11506
11508
11511
11513
11514
11516
11517
11518
11519
11523
11524
11525
11527
11531
11533
11535
11537
11538
11540
11542
11543
11551
11617
11626
11632
11639
11651
11657
11658
11728
11791
11793
11796
11809
11817
11852
11865
11914
11957
12054
12057
12060
12078
12087
12097
12105
12129
12149
12191
12200
12204
12217
12252
12255
12268
12271
12273
12278
12279
12284
12289
12296
12311
12354
12372
12434
12481
12548
12565
12569
12573
12584
12591
12594
12637
12642
12644
12653
12656
12665
12668
12669
12670
12679
12680
12683
12684
12687
12688
12689
12690
12691
12693
12694
12697
12698
12699
12700
12704
12705
12707
12709
12710
12711
12715
12717
12718
12720
12725
12726
12729
12730
12733
12737
12740
12743
12744
12746
12748
12749
12750
12751
12752
12754
12755
12758
12759
12760
12762
12764
12767
12768
12770
12771
12775
12776
12777
12778
12780
12781
12784
12785
12786
12787
12789
12790
12791
12793
12796
12797
12800
12802
12803
12805
12808
12809
12810
12814
12815
12816
12817
12818
12819
12821
12825
12826
12827
12829
12832
12835
12836
12837
12838
12839
12840
12844
12847
12856
12874
12881
12883
12891
12904
12921
12958
12971
12978
12985
12988
12989
12996
12998
13005
13006
13007
13011
13013
13015
13016
13018
13039
13042
13057
13060
13068
13079
13081
13088
13096
13099
13106
13108
13111
13112
13115
13126
13132
13144
13164
13216
13228
13234
13244
13245
13248
13249
13252
13255
13263
13266
13303
13316
13322
13323
13338
13392
13488
13489
13501
13514
2905
2906
2910
2922
2926
2941
2945
2948
2958
2967
2970
2975
2985
2988
2997
3006
3010
3011
3038
3039
3043
3045
3049
3061
3090
3092
3104
3108
3133
3145
3172
3186
3196
3199
3210
3212
3217
3233
3236
3239
3243
3246
3250
3255
3259
3262
3264
3265
3270
3277
3278
3279
3283
3284
3285
3286
3288
3292
3296
3303
3322
3323
3325
3330
3354
3373
3375
3378
3382
3386
3397
3398
3402
3408
3409
3410
3413
3417
3418
3424
3426
3428
3435
3437
3438
3439
3440
3441
3442
3443
3444
3451
3455
3458
3459
3462
3465
3466
3467
3469
3470
3471
3474
3475
3478
3479
3480
3481
3482
3484
3485
3486
3487
3488
3489
3491
3492
3494
3495
3497
3498
3499
3500
3501
3502
3509
3510
3511
3512
3513
3514
3515
3516
3518
3520
3521
3523
3524
3525
3527
3530
3535
3536
3537
3538
3539
3544
3545
3548
3555
3556
3557
3558
3560
3561
3567
3569
3570
3571
3572
3573
3574
3575
3578
3581
3587
3591
3594
3596
3597
3598
3600
3601
3602
3603
3605
3607
3609
3610
3613
3614
3616
3618
3620
3621
3622
3623
3624
3628
3629
3631
3632
3633
3634
3635
3638
3640
3641
3642
3643
3644
3645
3647
3648
3649
3650
3651
3652
3654
3655
3656
3657
3658
3659
3660
3667
3668
3669
3670
3671
3672
3674
3676
3677
3678
3680
3681
3682
3687
3688
3689
3691
3692
3696
3698
3700
3702
3707
3710
3711
3714
3716
3736
3740
3809
3820
3823
3870
3893
3894
3908
3914
3956
3972
3973
4019
4071
4119
4125
4128
4132
4185
4222
4223
4225
4228
4238
4241
4277
4278
4297
4299
4308
4312
4325
4337
4338
4345
4348
4352
4365
4372
4379
4388
4390
4404
4409
4411
4416
4423
4427
4433
4434
4435
4473
4476
4487
4514
4519
4531
4576
4586
4589
4601
4602
4613
4616
4617
4618
4626
4627
4637
4639
4654
4690
4696
4705
4707
4710
4711
4720
4747
4751
4794
4795
4796
4803
4807
4813
4814
4815
4816
4818
4820
4821
4823
4825
4830
4844
4849
4857
4862
4865
4870
4871
4874
4875
4876
4877
4899
4901
4902
4903
4904
4905
4906
4910
4926
4935
4936